756
-0.251247 -0.28867 -0.497574
-0.23599 -0.259502 -0.57835
-0.370341 -0.187349 -0.445536
-0.1993 -0.210412 -0.740249
-0.179678 -0.454609 0.0773676
0.0178834 -0.435736 -0.716629
-0.0848416 -0.554719 0.0971287
0.114406 -0.153926 -1.05677
0.115759 -0.492557 -0.76724
0.138359 -0.143102 -1.07361
0.141576 -0.19795 -1.0663
-0.220066 -0.450562 0.0957222
-0.116248 -0.447235 -0.458699
-0.459578 -0.124673 -0.382328
0.144847 -0.148206 -1.07321
-0.23338 -0.225934 -0.628241
-0.0813928 -0.41676 -0.570245
0.156199 -0.16554 -1.08625
-0.209611 -0.291992 -0.56575
-0.183438 -0.336614 -0.545251
0.0610412 -0.0525469 -1.35005
-0.207876 -0.159035 -0.808032
-0.354831 -0.417575 0.0813194
-0.349793 -0.406716 0.0840861
-0.347568 -0.395741 0.0902415
-0.0552502 -0.652203 0.0948622
-0.0923254 -0.601864 0.123439
-0.343226 -0.340887 0.0733502
-0.0858711 -0.633776 0.127584
-0.373289 -0.382509 0.0825963
-0.198274 -0.598458 0.105728
0.0718594 -0.294945 -1.06848
-0.144584 -0.639169 0.130841
0.074381 -0.251119 -1.08057
0.199913 -0.229607 -1.35961
-0.131524 -0.666864 0.123751
-0.158841 -0.612591 0.135921
-0.149909 -0.649215 0.129763
-0.400668 -0.365923 0.0547096
-0.234288 -0.437933 0.0949841
-0.0563629 -0.660339 0.0929458
-0.179688 -0.62203 0.118891
-0.158287 -0.648871 0.1328
0.0857843 -0.221806 -1.08762
-0.341149 -0.440764 0.0766828
0.101399 -0.182132 -1.05141
-0.151507 -0.552446 0.112413
-0.0131977 -0.0518076 -1.31004
-0.0699905 -0.0691007 -1.19589
0.0568737 -0.192618 -1.10614
-0.0864262 -0.0921673 -1.10172
-0.0958322 -0.102189 -1.10035
0.277037 -0.627831 -0.796019
-0.162093 -0.286375 -0.672742
-0.665966 0.168461 0.0168456
-0.146215 -0.345426 -0.526876
-0.55525 0.0560841 0.052648
-0.559555 -0.0210045 0.0577796
-0.140811 -0.431174 -0.0190078
-0.128651 -0.447198 -0.0294967
-0.140463 -0.438217 -0.0208522
-0.215223 -0.389516 -0.0308442
-0.249508 -0.366262 -0.0304036
-0.224428 -0.404998 0.0136483
-0.290932 -0.355357 0.0262412
-0.270197 -0.374392 0.0384454
-0.372524 -0.307541 0.0231305
-0.37262 -0.315353 0.0288804
-0.248488 -0.42126 0.0534371
-0.252425 -0.418125 0.0717969
-0.123332 -0.534958 0.103229
-0.659138 -0.113529 0.00755466
-0.0533813 -0.61168 0.0767232
-0.136218 -0.53654 0.102112
-0.105907 -0.561481 0.103333
-0.130007 -0.548124 0.106916
-0.387096 -0.405831 0.0759322
-0.384726 -0.411366 0.0670809
-0.379756 -0.414799 0.0773966
-0.0711328 -0.102699 -1.13851
0.0598724 -0.2104 -1.09257
-0.318971 0.0914174 -1.04045
-0.518201 0.128229 -0.0642714
0.248381 -0.605693 -0.778502
-0.490638 0.0475757 0.0139353
-0.543949 0.0732838 0.0679043
-0.392949 -0.145902 -0.392713
-0.520277 -0.0190581 -0.132347
-0.561042 0.00823306 0.0619576
-0.66306 -0.0953083 0.0158319
-0.294045 -0.408228 0.0705695
-0.404271 -0.39331 0.0599632
-0.129253 -0.587647 0.107525
-0.338473 -0.465164 0.0815744
-0.164285 -0.603907 0.110026
-0.137778 -0.613837 0.135466
-0.19931 -0.619498 0.110808
-0.135896 -0.713191 0.0783893
0.0566375 -0.0433947 -1.37395
0.0976284 -0.135765 -1.06435
0.110787 -0.157079 -1.06434
0.0140459 -0.0475121 -1.37811
0.130096 -0.197432 -1.05998
0.0542057 -0.141272 -1.16818
0.0658596 -0.173178 -1.07754
0.0793975 -0.206679 -1.05756
0.0990588 -0.226116 -1.08473
0.0457366 -0.198591 -1.09462
0.104103 -0.250621 -1.14136
0.0756976 -0.249796 -1.08368
-0.0925865 -0.106858 -1.09632
0.0664285 -0.291936 -1.08071
-0.205933 -0.162109 -0.807534
-0.53673 0.123571 -0.10285
-0.523522 0.110966 -0.108408
-0.509583 0.0998882 -0.106959
-0.479839 0.0671078 -0.107601
0.269391 -0.628037 -0.787371
0.100662 -0.494297 -0.758171
-0.593274 0.157052 -0.0421919
-0.514276 0.0770375 -0.0615047
0.013837 -0.431377 -0.714569
-0.48772 0.048146 -0.0558649
-0.52597 0.079487 -0.0417928
-0.150616 -0.306191 -0.654001
-0.532119 0.0717775 0.0051585
-0.506006 0.0414262 0.00316026
-0.0345853 -0.43381 -0.615884
-0.049441 -0.430617 -0.615815
-0.507107 0.0305109 0.00555001
-0.127713 -0.3878 -0.532539
-0.36924 -0.186612 -0.448888
-0.555757 0.0374051 0.0731419
-0.459387 -0.125507 -0.386296
-0.134037 -0.43103 -0.482313
-0.124036 -0.437982 -0.474927
-0.558518 -0.0129799 0.0572445
-0.155175 -0.458996 -0.366089
-0.267492 -0.350418 -0.0337734
-0.256288 -0.360383 -0.0351294
-0.60651 -0.0557053 0.0358637
-0.223136 -0.410307 0.00879468
-0.0555934 -0.545991 0.0269338
-0.651823 -0.0483282 0.0283139
-0.28936 -0.36485 0.0132297
-0.271042 -0.372656 0.0351122
-0.365212 -0.316656 0.0450056
-0.340862 -0.340458 0.0731504
-0.65307 -0.102866 0.01679
-0.365163 -0.335864 0.0712518
-0.664055 -0.111706 0.00748407
-0.129827 -0.53517 0.101874
-0.110209 -0.55095 0.103671
-0.35003 -0.383704 0.0853986
-0.152596 -0.547221 0.112113
-0.298232 -0.435024 0.0976237
-0.148813 -0.555116 0.113054
-0.0865457 -0.603942 0.120895
-0.0942159 -0.604134 0.12183
-0.385617 -0.381516 0.073523
-0.0566574 -0.654159 0.0954712
-0.333693 -0.436821 0.0816752
-0.0841994 -0.635521 0.128982
-0.197189 -0.592322 0.105284
-0.184723 -0.615056 0.115842
-0.14189 -0.649577 0.130194
-0.127768 -0.666001 0.125187
-0.130168 -0.668074 0.122953
-0.17239 -0.660762 0.113043
-0.840924 0.587106 -0.876128
-0.970087 0.682085 -0.932298
-0.956246 0.646649 -0.939586
0.094186 -0.478632 -0.768613
-0.388335 -0.274063 -0.205645
-0.358584 -0.307032 0.0355899
-0.775525 0.0216361 0.018412
-0.874617 0.824473 -0.834371
-0.680706 0.663215 -0.951456
-0.772207 0.614997 -0.840149
-0.819127 0.617805 -1.09389
-1.01984 0.737561 -0.849075
0.198362 0.0884489 -1.06046
0.176781 0.099782 -1.08936
0.168183 0.0889602 -1.10069
0.133301 0.06723 -1.1698
0.289657 -0.0737937 -1.21895
0.109825 0.0691325 -1.15963
0.140773 0.0347 -1.14149
0.252603 -0.0669453 -1.17499
0.194528 -0.0255129 -1.11915
0.281746 -0.0983682 -1.20395
0.184142 -0.0367827 -1.1175
0.15589 -0.0527148 -1.12344
-0.716332 0.635614 -0.798537
-0.218781 -0.0809168 -0.910762
-0.20583 -0.161015 -0.809408
-0.136657 -0.253489 -0.778081
-0.139187 -0.259793 -0.757264
-0.128184 -0.269694 -0.770655
-0.034962 -0.377836 -0.735151
-0.0998687 -0.333742 -0.689661
-0.101099 -0.341973 -0.687317
-0.598758 0.133774 0.00491959
-0.135179 -0.356821 -0.580216
-0.0860738 -0.417833 -0.574746
-0.132218 -0.398828 -0.55088
-0.527048 0.0184827 0.0512029
-0.521622 0.0106255 0.0683643
-0.196387 -0.413195 -0.406004
-0.658123 -0.0440986 0.0242
-0.790288 0.0255243 0.0086377
-0.28284 -0.39732 0.0641321
-0.41481 -0.341676 0.0218871
0.276041 0.000770498 -1.07538
0.171485 0.0784123 -1.09408
0.128278 0.0788864 -1.16025
0.116494 0.0663572 -1.16067
0.303182 -0.0928473 -1.2254
0.254068 -0.0685667 -1.17023
0.13228 0.028016 -1.15893
0.184294 -0.0396142 -1.12018
0.213127 -0.0591111 -1.14415
0.182929 -0.0827861 -1.1431
-0.748114 0.653454 -0.82372
-0.220125 -0.0863826 -0.908542
-0.141773 -0.252083 -0.772171
-0.039062 -0.373245 -0.737169
-0.129249 -0.341638 -0.67665
-0.61842 0.160183 0.0130833
-0.0969626 -0.366053 -0.614661
-0.322153 -0.184849 -0.558989
-0.198951 -0.288536 -0.568354
-0.624816 0.150099 0.0754057
-0.473452 0.0624511 0.275588
-0.189788 -0.326783 -0.540825
-0.632269 0.136893 0.0763302
-0.612604 0.113369 0.0736289
-0.657709 0.141287 0.0757895
-0.0294707 -0.59153 0.0941158
0.311551 -0.0495558 -1.20435
0.254745 -0.0335931 -1.10825
0.305103 -0.0861902 -1.24624
0.17908 -0.0371996 -1.13119
0.169967 -0.0798831 -1.13534
0.0605536 -0.278189 -1.11437
-0.602443 0.189856 -0.0481295
-0.213371 -0.21373 -0.7231
-0.613657 0.170948 -0.0381291
-0.597185 0.156735 -0.0446536
-0.274993 -0.183496 -0.560966
-0.416959 0.0390169 0.415304
-0.599336 0.102963 0.0713445
-0.660413 0.133914 0.065999
-0.152945 -0.451141 -0.421512
-0.0558406 -0.549605 0.037778
-0.198573 -0.473101 0.0886335
-0.213629 -0.474533 0.109073
-0.0281263 -0.650007 0.0336767
0.265201 0.138122 -1.00877
0.306664 0.102893 -1.08658
0.286329 0.0992194 -1.02249
0.262266 0.113966 -1.05664
0.291526 0.0981036 -1.08108
0.224532 0.133902 -1.06741
0.22119 0.128344 -1.08269
0.213861 0.123846 -1.03013
0.294847 0.0705913 -1.07027
0.26545 0.0837561 -1.05123
0.25832 0.0791133 -1.05104
0.24926 0.0699794 -1.05099
0.319149 0.0185578 -1.09499
-0.508302 0.0565039 -0.0190156
-0.236495 -0.235197 -0.628473
-0.886146 -0.246691 -2.11751
-0.126328 -0.277794 0.105609
-0.244415 -0.369841 -0.0376611
-0.488431 0.88801 -0.922187
-0.458699 0.868121 -0.935024
-0.606454 0.843567 -0.555783
-0.810431 0.896894 -0.805355
0.26999 0.138729 -1.08311
-0.529123 0.00908049 -0.140306
-0.600294 -0.506133 -0.897242
-0.61885 -0.525541 -0.960907
-0.616442 -0.54604 -0.985222
-0.287762 -0.382646 0.0805163
-0.589636 0.846465 -0.557493
-0.673059 0.86561 -0.601408
-0.622596 0.84622 -0.618572
-0.56946 0.791188 -0.872786
-0.543604 0.0170953 -0.215173
-0.542311 -0.00266222 -0.143044
-0.763956 0.0173643 0.0179292
-0.135659 -0.520189 -0.265367
-1.34547e+012 1.75916e+012 -9.48759e+012
0.142592 -0.162202 -1.05994
-0.552303 0.148269 -0.100131
-0.489207 0.0655602 -0.0768632
-0.139597 -0.258488 -0.743938
-0.139934 -0.257633 -0.723687
-0.30722 -0.192732 -0.571314
0.041918 -0.233088 -0.0860815
-0.196366 -0.315878 -0.528304
-0.281753 -0.284385 -0.442059
-0.127695 -0.395639 -0.545194
-0.0512941 -0.446208 -0.586085
-0.850887 0.783127 -0.617143
0.305198 0.0789692 -1.07037
0.293558 0.0652105 -1.0205
0.116861 0.0239638 -1.16179
0.184398 -0.224516 -1.33775
0.198367 -0.229958 -1.35195
-0.628595 0.0424666 -0.330485
-0.238096 -0.228112 -0.630191
-0.0992583 -0.332078 -0.691211
-0.156557 -0.340856 -0.582062
-0.157325 0.932977 -6.31685
0.303407 0.101828 -1.08445
-0.222483 -0.0881423 -0.905114
-0.161329 -0.456792 -0.376336
-0.885423 0.593565 -0.913297
-0.530645 0.0996197 -0.0584721
-0.50847 0.0854208 -0.0703868
-0.527806 0.0827321 -0.0397274
-0.51968 0.0796924 -0.0386399
0.131025 -0.119687 -1.10821
-0.530759 0.0803313 -0.0170827
-0.529195 0.0801564 -0.0265654
-0.502141 0.0710723 -0.0596571
-0.504176 0.0373313 0.00296071
-0.510639 0.0334027 0.0179561
-0.497099 0.0522551 -0.0426458
-0.543195 0.0520818 0.0651111
-0.517229 0.0120217 0.0689444
-0.306818 -0.178184 -0.56512
-0.315053 -0.179814 -0.557021
-0.303459 -0.182397 -0.573665
-0.126085 -0.289708 -0.660459
0.000982725 -0.428156 -0.720671
-0.60844 0.14158 0.073317
-0.599408 0.0905783 0.088258
-0.617246 0.0254571 -0.338899
-0.593628 -0.0610799 -0.164708
-0.675571 -0.0987282 0.00741695
-0.445959 -0.145714 -0.405131
-0.34941 -0.19206 -0.50669
-0.35978 -0.206793 -0.45568
-0.62818 0.172869 0.0129323
-0.620093 0.172227 0.00978152
-0.574182 0.141384 -0.0493289
-0.603357 0.135277 0.0226918
-0.587168 0.126273 0.0255229
-0.591739 0.125556 0.0133398
-0.545364 0.0741836 0.0121078
-0.539614 0.0712786 0.0103831
-0.534934 0.0706105 0.00724345
-0.541614 0.0664383 0.0216229
-0.620725 -0.0665914 -0.191878
-0.1972 -0.20092 -0.743724
-0.19569 -0.208344 -0.743055
-0.234561 -0.258328 -0.584804
-0.262212 -0.261356 -0.518521
-0.238592 -0.27802 -0.534231
-0.170127 -0.291623 -0.639538
-0.209734 -0.292769 -0.564259
-0.93158 0.625819 -0.84473
-0.788195 0.552613 -0.940422
-0.61685 0.173236 0.00380256
-0.624717 0.169116 0.0134745
-0.614294 0.165665 0.00995731
-0.611971 0.140303 0.0204764
-0.594863 0.126865 0.0110839
-0.528145 0.0805741 -0.0260001
-0.545549 0.0751511 0.0129392
-0.530027 0.0657367 0.00662526
-0.517693 0.0375262 0.0189663
-0.196567 -0.206478 -0.74126
-0.134827 -0.27481 -0.779611
-0.262348 -0.259737 -0.518501
-0.170484 -0.293055 -0.638832
-0.208863 -0.291402 -0.565385
-0.248475 -0.287242 -0.495211
-0.281818 -0.284686 -0.440216
-1.04279 0.957785 -1.02353
-0.51651 0.0568439 0.00252811
-0.509681 0.0315877 0.00873522
-0.232309 -0.226329 -0.640374
-0.167711 -0.27722 -0.622543
-0.711826 0.211488 -0.16143
-0.30053 0.141605 0.120157
-0.537754 0.128176 -0.0897658
-3.32758 0.180126 -1.17607
-0.52138 0.0786351 -0.100801
-0.522621 0.0609378 -0.0062244
-0.597198 0.0291498 -0.341445
-0.488052 0.0160792 0.0567669
-0.596558 0.00644135 0.0757481
-0.532104 -0.00632906 -0.126259
-0.693768 -0.0677591 0.00978329
-0.443827 -0.143809 -0.404535
-0.338783 -0.212352 -0.486486
-0.531614 0.121572 -0.106682
-0.51129 0.100826 -0.0992404
-0.496568 0.095899 -0.111478
-0.490066 0.0912542 -0.108159
-0.476935 0.0695051 -0.113077
-0.476139 0.066516 -0.105654
-0.473062 0.0641717 -0.11282
-0.473259 0.0537229 -0.110881
-0.178908 -0.145721 -0.928188
-0.331602 -0.178464 -0.530721
-0.339077 -0.187397 -0.552804
-0.280585 -0.183946 -0.495717
-0.315615 -0.213916 -0.547827
-0.135914 -0.23961 -0.790614
-0.057705 -0.290708 -0.85864
-0.157651 -0.297501 -0.675292
-0.581295 0.0973724 -0.165377
-0.482263 0.0803762 -0.11219
-0.472947 0.0647905 -0.111403
-0.483954 0.0598512 -0.0655676
-0.489266 0.0459746 -0.0604941
-0.56293 0.0147399 0.0439432
-0.138848 -0.284882 -0.818755
-0.263384 -0.258172 -0.516539
-0.235202 -0.278332 -0.533728
-0.208119 -0.292456 -0.563817
-0.281013 -0.286328 -0.444204
-1.06599 1.10282 -1.4896
-0.22944 -0.22769 -0.636457
-0.486228 0.84338 -2.23959
-1.00453 0.697412 -0.815353
0.129307 -0.126429 -1.10233
0.103636 -0.128066 -1.0672
0.118786 -0.129849 -1.08048
0.106271 -0.14436 -1.05296
0.111987 -0.145041 -1.064
0.142801 -0.146179 -1.07919
0.148722 -0.169928 -1.08004
-0.220734 -0.323167 -0.501932
-0.179493 -0.338175 -0.541458
-0.0453866 -0.366129 -0.746631
-0.0421384 -0.375323 -0.724332
-0.14342 -0.378743 -0.538726
-53.0128 27.4344 -40.3243
-0.825031 0.766607 -0.618198
-0.619276 0.656804 -0.885485
-0.509854 0.0988814 -0.103228
-0.483497 0.0651535 -0.0946055
-0.527616 0.0599498 -0.0839032
-0.485891 0.0465002 -0.061325
0.0928805 -0.131241 -1.07908
-0.258686 -0.252411 -0.503832
-0.278064 -0.285137 -0.447189
-0.251502 -0.2952 -0.496678
-0.207514 -0.320073 -0.485216
-0.0459357 -0.344573 -0.727016
-10.9124 5.96732 -8.30903
0.0610578 -0.24693 -1.08907
0.0640253 -0.292421 -1.0807
-0.280163 0.0753808 -0.961973
0.159851 0.0529208 -1.12976
-0.688793 -0.0586346 0.019123
0.0924291 -0.0724315 -1.13167
-0.200059 -0.109731 -0.857722
-0.0464606 -0.112719 -1.16975
0.193424 -0.11894 -1.32177
0.155912 -0.17978 -1.24772
0.0920994 -0.244382 -1.10043
-0.341134 -0.307611 -0.0280471
-0.522137 0.777616 -0.818958
0.269389 0.13569 -1.09099
-0.5445 -0.00623674 -0.069249
0.202898 -0.11138 -1.20971
0.178286 -0.12543 -1.28678
0.145676 -0.208879 -1.19277
0.14422 -0.209108 -1.07498
0.125609 -0.225571 -1.21802
0.134308 -0.222789 -1.08234
0.133278 -0.226231 -1.17681
-0.280437 -0.31687 -0.0959656
-0.268 -0.349162 -0.0311109
-0.0595934 -0.398074 -0.586526
-0.266747 -0.370445 -0.0937984
-0.205747 -0.398638 -0.382398
-0.198572 -0.398589 -0.39013
-0.0746122 -0.409137 -0.599231
-0.274415 -0.374964 -0.0450352
-0.0873259 -0.417881 -0.57909
-0.240751 -0.37881 -0.0845986
-0.0991654 -0.427231 -0.602304
-0.302399 -0.383556 0.0152918
-0.241733 -0.396449 -0.072653
-0.228007 -0.398124 -0.0759649
-0.112399 -0.448604 -0.458644
-0.1159 -0.451075 -0.451483
-0.112072 -0.453752 -0.473028
-0.309434 0.740853 -0.919368
-1.63661 0.909664 -1.14704
-0.512868 0.806323 -2.1195
0.221829 0.109138 -1.07069
0.159563 -0.164026 -1.10608
0.162608 -0.197367 -1.11538
0.152015 -0.220329 -1.19473
0.14788 -0.215462 -1.26824
-0.10299 -0.23492 -0.728658
-0.258247 -0.2601 -0.500159
-0.130945 -0.269368 -0.751382
-0.275284 -0.287629 -0.453999
-0.254839 -0.29465 -0.561193
-0.252742 -0.297528 -0.497535
-0.186906 -0.3357 -0.549021
-0.158768 -0.342614 -0.583675
-0.177721 -0.374135 -0.390686
-0.135162 -0.385264 -0.542712
-0.183788 -0.377625 -0.359992
-0.299918 -0.363668 -0.0520125
-0.188195 -0.38914 -0.391312
-0.0802017 -0.408392 -0.600069
-0.334988 -0.371955 0.00260328
-0.27331 -0.369718 -0.0424467
-0.227799 -0.371202 -0.0719878
-0.0846941 -0.419782 -0.58219
-0.415951 -0.388111 0.0607804
-0.111346 -0.428681 -0.455078
-0.0359588 -0.440774 -0.623967
-0.0411945 -0.440133 -0.568146
-0.11533 -0.446962 -0.43781
-0.107979 -0.452692 -0.481174
0.0605744 0.229379 -1.42689
-0.179822 -0.345312 -0.351904
-0.178784 -0.365564 -0.40638
-0.281328 -0.405893 -0.552156
-0.389987 -0.472375 -0.726573
-0.1035 -0.450129 -0.490414
-0.213953 0.730065 -0.726906
-0.365364 0.747585 -0.902132
-0.887178 0.841259 -0.801485
-0.599795 0.712532 -0.910041
-0.838675 0.654792 -1.11298
-0.98669 0.680852 -0.811492
-0.426922 0.848532 -0.660324
0.10437 0.0304441 -1.17842
0.117673 0.0182075 -1.17672
0.104858 0.011008 -1.19458
0.290208 -0.116889 -1.20735
-0.579456 -0.0440223 -0.0436888
-0.427757 0.832009 -0.895259
-0.459101 0.839612 -0.895817
-0.421885 0.798546 -1.05772
0.315732 0.0437647 -1.07779
0.0954824 -0.0102676 -1.12679
0.158063 -0.108998 -1.22314
0.215232 -0.140781 -1.37983
0.0690423 -0.0841355 -1.11567
-0.378671 0.103436 -0.964147
0.121705 -0.160398 -1.09037
0.167571 -0.212719 -1.29147
-0.219164 -0.00900623 -0.87249
-0.0813851 -0.109122 -1.11635
0.0656021 -0.221035 -1.07449
0.117026 -0.255841 -1.11841
-0.0827508 -0.194378 -0.876033
0.253542 -0.616223 -0.771203
-0.237795 -0.493257 -0.433749
0.0915357 -0.0573139 -1.15378
0.14612 -0.132127 -1.34616
0.143045 -0.156652 -1.36296
0.117728 -0.120522 -1.09289
0.137471 -0.129378 -1.09345
0.103846 -0.121795 -1.08126
0.11712 -0.131099 -1.07175
-0.141432 -0.309154 -0.672992
-0.0573923 -0.282556 -0.411719
-0.291674 -0.245799 -0.632382
0.0131047 -0.434944 -0.721613
-0.100422 -0.386159 -0.67628
-0.0356904 -0.423859 -0.598008
-0.281438 -0.284529 -0.451389
-0.210611 -0.326262 -0.491487
-0.277895 -0.294892 -0.467929
-0.216272 -0.351915 -0.560117
-0.0397462 -0.443164 -0.622804
-0.237213 -0.402009 -0.451965
-0.220049 -0.397179 -0.403155
-0.216752 -0.411531 -0.412349
-0.230274 -0.367363 -0.0740128
-0.196595 -0.40648 -0.0605221
-0.175135 -0.413849 -0.0455268
-0.283635 -0.357728 0.0330624
-0.227301 -0.403602 0.0103987
-0.223613 -0.413182 0.00930301
0.0111346 -0.414385 0.192563
-0.165474 -0.437577 0.00307781
-0.11745 -0.435826 0.0485763
-0.214174 -0.391137 0.0972254
-0.184324 -0.389014 0.120599
-0.211865 -0.428333 0.0105537
-0.143148 -0.439537 0.0392852
-0.15894 -0.429068 0.0549101
-0.169521 -0.438801 0.0251418
-0.168257 -0.438686 0.0453944
-0.184099 -0.434923 0.0585035
-0.156292 -0.453167 0.0944974
-0.165067 -0.45242 0.100713
-0.0575637 -0.537436 -0.0024364
-0.0627317 -0.543658 -0.00531133
-0.0581936 -0.548471 0.0136016
-0.0459912 -0.554391 0.00953782
-0.225895 -0.458031 0.114318
-0.0598053 -0.563375 0.00253172
-0.236662 -0.470466 0.098396
-0.0432954 -0.575027 0.00708964
-0.0183177 -0.586225 0.0432772
-0.0286976 -0.598713 0.0176201
-0.0756835 -0.588117 0.0225102
-0.0291706 -0.630764 -0.0333308
-0.00336593 -0.628454 -0.0142073
-0.0181734 -0.638786 -0.0152642
-0.00840146 -0.628746 0.0146637
-0.0136776 -0.638285 0.000976991
-0.0110307 -0.637437 0.0194324
-0.0593939 -0.590434 0.0920375
-0.190173 -0.63854 -0.0678696
-0.0735121 -0.624504 0.0434917
-0.0954847 -0.595541 0.112153
-0.0997309 -0.617932 0.0795928
-0.0807733 -0.697332 -0.0580153
-0.0982431 -0.604064 0.122176
-0.0363005 -0.637988 0.109699
-0.0501285 -0.641318 0.105656
-0.0486042 -0.649618 0.103777
-0.0553482 -0.661646 0.0957718
-0.305831 0.57108 -5.67446
-0.41455 0.540388 -4.6453
-0.918126 0.762195 -0.900644
0.166081 0.0757631 -1.09782
0.119572 0.0609852 -1.13708
-1.06383 0.705216 -0.733159
0.192804 -0.227269 -1.35168
-0.139175 -0.241636 -0.772831
-0.123646 -0.265391 -0.71502
-0.115603 -0.282705 -0.774931
0.104676 -0.490169 -0.767304
-0.581866 -0.0446342 -0.0435842
-0.13448 -0.387845 -0.560381
-0.23706 -0.382547 -0.423217
-0.154034 -0.415937 -0.0383246
-0.100033 -0.739619 -0.725177
-0.158945 -0.440264 -0.0384528
-0.177952 -0.43877 -0.0138139
-0.195337 -0.434624 0.0367497
-0.20895 -0.557996 -0.21471
-0.234034 -0.602075 -0.14726
-0.117726 -0.53416 0.0842856
-0.0322977 -0.602424 0.0114826
-0.0719733 -0.665723 -0.137904
-0.0767285 -0.540951 0.143641
-0.0125937 -0.635569 -0.00898248
-0.0230562 -0.598681 0.11385
-0.236993 -0.595535 0.0509351
-0.0935652 -0.607456 0.112772
-0.0729715 -0.698256 -0.0366106
-0.0710961 -0.643283 0.0858896
-0.0534953 -0.665179 0.069046
-0.0662518 -0.655835 0.0902154
-0.0958548 -0.642331 0.114269
-0.19337 -0.662433 0.0515921
-0.0704661 -0.63256 0.200735
-0.226938 -0.713976 -0.00209483
0.295586 0.0957456 -1.07817
0.326857 0.0535658 -1.20425
0.298526 0.0533327 -1.07188
-0.00544274 -0.431792 -0.711957
-0.112697 -0.412447 0.0729993
-0.117076 -0.541958 0.0830246
-0.0968236 -0.567528 0.0340168
-0.00678055 -0.632458 -0.00408663
-0.0410119 -0.684905 0.0105847
-0.110539 -0.635235 0.130248
-0.211778 -0.573597 0.114421
-0.447381 -0.714807 -0.200371
-0.0979956 -0.718521 -0.00771093
-0.0980767 -0.700558 0.0817632
-0.133 -0.694748 0.119424
-0.0510036 -0.358231 -0.746623
-0.162832 -0.304016 -0.663986
-0.373719 -0.185202 -0.446628
-0.372968 -0.198252 -0.443196
-0.258697 -0.294058 -0.569116
-0.230424 -0.359892 -0.514878
-0.162421 -0.430591 -0.500767
-0.13605 -0.433078 -0.463751
-0.130463 -0.44718 -0.488499
-0.143736 -0.441283 -0.471025
-0.114917 -0.45405 -0.478752
-0.112453 -0.459914 -0.467262
-0.185629 -0.460313 0.0647024
-0.160202 -0.487947 0.0965845
-0.0239592 -0.480762 0.259597
0.349987 -1.11929 -0.156697
0.352178 -1.14498 -0.188303
-0.00604564 -0.061578 -1.25328
-0.236016 -0.227015 -0.632849
-0.23485 -0.258545 -0.576798
-0.118736 -0.45283 -0.447003
-0.20864 -0.454333 0.0988829
-0.204738 -0.467322 0.115658
-0.150648 -0.59481 0.135666
0.353746 -1.11778 -0.155869
-1.04617 0.69297 -0.719591
-0.915875 0.609963 -0.825827
-0.859245 0.569604 -0.904774
-0.249936 -0.320413 -0.602282
-0.0741972 -0.437879 -0.578491
-0.137134 -0.5189 -0.27004
0.344151 -1.12872 -0.179869
-0.0271595 -0.402981 -0.641224
-0.160173 -0.515752 -0.312074
-0.290806 -0.546851 0.060912
-0.236027 -0.166425 -0.735029
-0.17481 -0.292423 -0.641846
-0.223362 -0.381011 -0.021819
-0.142374 -0.525388 -0.269435
-0.261405 -0.430151 0.0980457
-0.0487962 -0.353488 -0.729102
-0.0652083 -0.361665 -0.739583
-0.273988 -0.31965 -0.115516
-0.347333 -0.365416 0.093305
-0.336682 -0.428304 0.0867186
-0.277248 -0.434015 0.115056
-0.226584 -0.364137 -0.0719175
-0.22256 -0.392889 -0.044761
-0.161014 -0.436789 -0.0394517
-0.346557 -0.370912 0.0925814
-0.559717 -0.0168855 -0.153485
-0.56399 -0.0288866 -0.107206
0.288904 -0.286011 -0.249045
-0.545667 -0.0096086 -0.0676283
-0.22065 -0.46691 0.0986862
-0.0355923 -0.604783 0.0216092
-0.0526849 -0.609122 0.0806681
-0.0566812 -0.613461 0.0666519
0.53087 -0.3397 -0.370836
0.10345 -0.492282 -0.774774
-0.0753058 -0.649479 0.111692
-0.223264 -0.178767 -0.816348
-0.0370662 -0.445527 -0.619624
-0.00718049 -0.50532 -0.775743
-0.0360163 -0.441761 -0.626887
0.0790447 -0.696269 -1.30725
-0.273515 0.0986071 -1.86133
-0.0990801 -0.430105 -0.624104
0.0434196 -0.691042 -0.999647
0.155424 -0.640883 -0.445019
-0.0074524 -0.69261 -0.590404
