510
1.08981 0.373549 -1.99207
-1.46584 0.22963 -0.222565
-1.49448 0.263083 -0.217124
0.361212 -0.0137561 -0.314636
-0.0890391 -0.0133699 -0.308559
-1.49567 0.201973 -0.137421
0.0973874 0.00504001 0.280493
0.515633 0.00192774 -0.461171
0.0870415 -0.00223275 0.312927
-1.40474 0.18883 -0.161513
-0.505041 -0.0176235 -0.462444
0.50504 0.0177965 0.472253
1.61108 0.000163473 -2.32366
-1.65008 0.648276 -0.282779
0.357061 0.000855077 0.314237
0.362875 -0.0261445 -0.122143
-1.42967 0.238461 -0.246184
-1.39947 0.205575 -0.23025
0.278676 -0.000543956 0.0967424
1.02326 0.377171 -1.86824
0.670642 0.315449 -1.73517
0.931107 0.190954 -1.68622
1.02305 0.372212 -1.65849
0.861617 0.388524 -2.02845
-1.54451 0.580685 -0.342988
1.12888 0.209605 -2.03591
-1.43169 0.0140733 -0.660929
-1.77267 0.52846 -0.305083
0.976369 0.371301 -1.86447
1.0416 0.378389 -1.77458
0.68295 0.347799 -1.74181
-1.50323 0.446058 -0.518755
0.970776 0.366138 -1.9488
-1.44788 0.377273 -0.518037
0.890895 0.371127 -1.98967
0.990613 0.15488 -1.65919
0.874575 0.30336 -1.66823
0.998112 0.395867 -2.0048
-1.74266 0.706447 -0.379125
-0.677748 0.0159441 0.816954
-1.59074 0.408998 -0.321528
0.741547 0.162138 -1.71689
0.674973 0.0222645 -1.72699
0.704004 0.0062365 -1.73234
0.862506 0.0304655 -1.66806
0.631998 -1.78731 -6.10378
0.779009 -3.17585 -8.30954
-7.37314 -5.0248 -9.96574
-3.28013 -2.49193 -6.25968
0.763684 0.344075 -1.91387
0.686766 0.0803669 -1.69146
0.928907 0.0825012 -1.71335
-1.59354 0.630435 -0.524699
-1.73333 0.441471 -0.414366
-1.58677 0.149381 -0.431133
-0.683067 0.0129955 -0.746328
-0.970013 -0.0165515 -0.543436
-1.78056 0.00839002 -0.221081
-1.46924 -0.039578 -0.320048
0.59079 0.0582073 -0.534537
-0.383785 0.0688195 -0.217525
0.469279 0.0523374 -0.228744
0.587995 -0.0355062 0.568613
0.517305 0.132475 0.846341
-2.57589 -2.85467 0.261336
-2.80324 -2.436 0.87002
1.42627 0.0159422 1.56494
1.21918 -1.61135 -6.65411
-0.475308 -0.0328756 -3.6192
1.18886 -2.67156 -8.27235
1.03832 -3.0702 -8.62392
-6.49739 -2.59386 -6.2606
0.767347 0.423714 -2.02624
0.858595 0.398005 -2.01874
0.721554 0.381737 -1.95815
1.06725 0.376583 -1.97264
0.989101 0.372467 -1.87337
1.14455 0.311146 -1.98283
1.0225 0.373725 -1.73628
1.57353 0.0142325 -2.29216
0.703587 0.297471 -1.75128
0.964872 0.350464 -1.70171
0.70337 0.145778 -1.72882
0.968264 0.165948 -1.68228
0.818154 0.0434697 -1.68652
0.976647 0.0188902 -1.65232
-1.62983 0.723514 -0.360368
-1.55758 0.665111 -0.361265
-1.74627 0.662164 -0.306926
-1.543 0.552581 -0.416197
-1.47998 0.453873 -0.497771
-1.55272 0.567817 -0.323995
-1.77103 0.527897 -0.305015
-1.4771 0.379351 -0.516964
-1.61243 0.364151 -0.34897
-1.42743 0.0227493 -0.614254
-1.52371 0.22479 -0.20557
-1.39601 0.197704 -0.222935
-0.482778 -0.00620588 -0.426539
-1.79543 0.0315557 -0.0533246
0.48773 0.0185531 -0.426392
-1.35755 0.00241439 -0.124366
0.113367 -0.0213931 -0.193745
-0.483575 -0.00777517 0.458492
0.501694 0.0201582 0.466785
-0.679854 -0.00268407 0.777444
-2.20426 -3.43941 -8.87407
-6.54018 -2.53259 -6.32972
-0.666183 -0.0138928 0.77661
-3.20517 -1.82527 -6.98723
-7.03407 -2.64291 -8.03548
-6.91192 -2.57307 -7.91945
-6.95083 -2.84953 -8.36558
-2.19784 -3.13167 -8.77809
-6.73974 -2.68695 -7.75328
0.320077 -0.0148954 -0.0853418
-0.0164448 -0.029638 -0.045576
-6.71746 -2.17178 -7.65968
-2.56801 -1.46399 -6.45014
-2.98482 -1.59837 -6.4819
-6.80141 -3.87315 -9.99035
-3.59857 -3.04767 -8.6315
-3.55778 -3.07155 -8.46353
-7.24302 -5.3309 -10.0941
-0.186619 0.010491 -0.264371
-0.0755975 -0.0127441 -0.299262
0.28786 -0.0249627 -0.0954814
0.0112458 -0.016581 -0.0330463
0.0808391 -0.00699568 0.330937
0.693083 0.0109871 0.807158
1.50423 0.0142019 1.55705
-2.76513 -2.48285 0.827659
-6.86082 -2.2952 -7.95021
-2.8558 -1.47361 -6.61268
-3.79437 -1.72154 -6.63151
-2.87824 -1.83627 -6.84264
1.5565 0.0898833 -2.10364
0.00423814 -0.0275903 0.277384
-3.38952 -1.47004 -6.3166
-3.42998 -1.59936 -6.35366
-1.56615 0.0626533 -0.164872
-0.354814 -0.0118021 -0.303369
-0.24019 0.00157593 -0.0585837
-0.194285 -0.00798464 -0.0401521
0.148017 -0.0105087 -0.0158474
-0.197513 -0.0240855 0.0120007
-0.343389 -0.0246134 0.117245
-0.0169937 0.000453441 0.184986
-0.146641 0.0113333 0.293485
-0.340087 -0.0122848 0.322029
-0.12779 -0.0370847 0.297337
-0.484881 0.0044757 -0.436865
-0.264455 -0.0373263 0.0912196
-0.0990929 -0.0609422 0.245391
0.623557 -1.31813 -7.30058
1.35293 -0.945737 -6.69859
0.130046 -0.0676501 0.209477
0.445572 -0.047568 0.383342
0.668419 0.0037161 0.800297
0.772722 -2.3052 -7.61572
-7.1526 -4.26935 -9.78347
0.672724 0.0501904 -1.74899
0.946279 -0.0346288 -1.88441
1.57711 -0.185449 -2.10809
0.370142 0.0417733 -0.350583
1.48915 -0.0617544 1.50518
-1.51616 0.165052 -0.114908
-0.169022 -0.00837583 0.320381
-0.482011 0.00592253 0.466415
0.7215 0.242583 -2.12213
0.615677 0.215751 -2.10198
0.496332 0.0359927 -0.37879
-0.33253 -0.00438978 -0.289303
-0.209879 0.00471698 -0.291257
0.338211 -0.00491731 -0.281173
-0.314705 -0.0154098 0.318517
-0.469954 0.0135983 0.459913
-7.56538 -6.1829 -21.8424
-3.78387 -2.13229 -12.4331
-3.4228 -3.32566 -14.339
-3.02171 -3.94798 -15.9833
18.8183 -11.2467 -30.2969
-6.66639 -1.97938 -8.30834
0.760443 -4.34619 -20.9259
0.211648 0.150832 -6.21996
0.271318 0.164072 -6.19294
0.661858 -2.161 -7.51918
0.374274 -2.71763 -8.04567
0.422818 0.114859 -2.24207
1.11227 -3.79685 -19.8107
0.168843 -7.47461 -26.826
-8.37256 -6.04164 -22.0978
0.169569 -6.68525 -24.1288
-6.68273 -3.26991 -14.7137
-8.0494 -5.88204 -21.4142
0.0661827 -10.2879 -31.4241
-2.8201 -2.56826 -12.5468
0.239665 -0.20954 -7.2369
0.385923 0.0517771 -6.49814
-2.74221 -1.14278 -8.85608
-3.7447 -1.00083 -7.27638
-3.43383 -2.44987 -10.2698
0.605139 -0.404085 -5.88893
17.0142 -9.66809 -25.9939
17.0482 -9.64577 -24.743
17.3629 -10.7324 -25.4039
15.9189 -9.00142 -21.2808
0.35045 -2.97253 -8.48977
1.04592 -1.88759 -6.54283
1.17392 0.0287225 -2.39287
12.9478 -6.97596 -12.0879
-1.47369 0.301495 -0.486617
-1.58907 0.386134 -0.319616
-1.45906 0.227983 -0.372251
-1.81413 0.122702 -0.435353
0.0131348 -0.021735 0.13366
0.342417 -0.0344111 0.241203
0.0727184 -0.021592 0.307339
0.224285 -0.0318948 0.290338
0.516087 0.0100308 0.440406
18.1919 -7.13702 -28.38
-0.120531 -6.46908 -22.3872
0.330693 -3.6147 -15.275
0.444798 -0.451041 -7.75098
-0.587753 -0.0128897 0.775122
0.696246 0.019503 0.793807
-6.27918 -4.79569 -18.2594
-3.95681 -3.74658 -16.6134
1.08777 -7.15168 -24.2727
1.0574 -3.33375 -18.9881
0.767333 -4.32688 -21.4178
0.91125 -3.70984 -19.697
0.0202346 -5.47406 -24.027
0.571069 -5.20689 -23.5797
1.11183 -3.71914 -19.6054
0.588017 -4.61245 -21.2936
-3.65394 -1.67595 -6.89394
-6.65915 -2.782 -7.5089
-3.57318 -1.64214 -6.49645
0.570193 -1.72438 -7.43908
0.533226 -2.12312 -7.60602
0.66241 -1.56755 -6.73888
-2.6886 -1.6976 0.688325
1.59626 -0.529708 -11.868
-2.3055 -2.64206 -7.89486
-6.4806 0.256306 -2.23144
-1.77221 0.00725351 -0.0673942
-2.62255 -2.37421 1.90382
-6.35818 0.302551 -2.02506
-2.62577 -2.45224 1.75597
-2.19363 -1.77097 2.25587
-3.41293 -3.90105 -16.7036
-3.52491 -2.86595 -12.8689
-2.68564 -0.790769 -6.90536
-2.59168 -0.757347 -6.64735
-7.09807 -3.47063 -8.95546
-2.25156 -1.0373 -7.07252
-2.27053 -1.95842 -7.38568
-2.22658 -2.02069 -7.34155
-2.73987 -2.00469 0.591521
-2.05896 -1.81871 0.608962
1.424 0.0334998 1.49922
-3.45056 -2.66844 -6.2324
-1.19742e+012 -7.96065e+012 -1.55869e+013
0.641059 -0.0035459 -0.866059
0.0259263 -5.90925 -24.3004
0.368291 -6.3678 -22.1832
-2.50297 -2.53401 1.76093
-1.52452 -2.31335 1.89845
-0.133404 -0.489926 -11.6896
1.22279 -2.58306 -10.4034
-7.44181e+011 -3.07212e+012 -4.20181e+012
-0.496944 0.00401873 0.464678
-2.36434 -2.77708 0.631701
-1.97211 -0.984555 -12.3846
0.938383 -1.99147 -9.14639
1.23663 -2.48999 -10.1795
-0.341427 -0.0161504 0.281882
-0.477093 -0.0211469 0.455673
-0.00483185 -0.0255809 0.135872
0.0642128 -0.000306863 0.319995
-2.22539 -2.46869 1.88742
-2.14925 -5.42254 0.872375
-1.37136 -0.509883 -10.983
-0.184044 -0.0620219 -0.137893
-0.254295 -0.00826171 0.249154
-2.02988 -5.02151 1.02002
-3.51174 -0.0999624 -2.71507
-3.37197 -0.0274357 -2.61117
-3.40067 -0.0676838 -2.59274
-2.2047 -1.71805 -7.22789
-3.67616 -2.67387 -7.86216
-2.12927 -1.74729 -6.26232
-2.6486 -2.5102 -7.746
-2.29 -2.51704 -7.71682
-2.39948 -2.8884 -8.36855
-2.47371 -2.9644 -8.26995
0.724439 0.377129 -1.98419
1.29832 -2.46208 -5.10391
0.104839 0.0203779 -0.195472
0.0897896 -0.0195156 -0.192424
-0.126805 0.020469 0.291806
-0.114484 -0.00958957 0.315686
-2.45459 -2.91921 0.887494
-3.49821 -0.0965809 -2.74274
0.151335 -2.38778 -9.99066
-1.40459 -0.26638 -2.89273
-2.12123 -3.07161 -8.68759
1.59789 -0.00522367 -2.30348
-3.17521 -0.316479 1.29237
1.28244 -2.4207 -5.01826
-2.10587 0.296823 1.69583
0.0473827 -0.0458951 -0.217021
-0.129527 -0.0127636 0.0512928
-2.10524 -0.032355 1.48789
-1.78509 0.217097 1.64922
-1.71757 0.203203 1.65081
-2.01217 -0.126966 1.43175
-0.111125 -0.00386906 0.82184
-1.48218 -0.124433 1.57657
-0.193068 -0.188587 0.672164
-2.42259 -2.86883 0.603983
-2.40043 -2.9763 0.698292
-2.44728 -2.99545 0.748996
-2.45072 -2.92158 0.886783
1.57463 0.0462817 -2.11774
1.15527 -1.53119 -2.78592
1.08587 -1.94782 -2.46435
-7.21336 -3.49996 -9.0903
1.52488 0.0986737 1.63458
-6.01869 -2.60388 -7.51096
-3.88649 -1.39549 -5.72885
-1.55393 0.0345477 -0.563061
-2.30784 -1.29302 -6.8796
1.27694 2.71252 -1.59562
-3.93433 -2.38253 -16.4461
-3.17205 -2.33372 -16.213
-0.326493 -0.00402725 -0.306924
-0.224581 0.0601753 -0.283868
0.107569 -0.00214413 -0.185007
1.10342 0.0166653 -2.0734
1.31045 2.71901 -1.5754
-3.89697 -2.32758 -16.3115
-3.17527 -1.94933 -16.1602
-3.15289 -2.29487 -16.1504
-3.22684 -1.88425 -7.21327
-3.16075 -2.62282 -13.4071
-1.23389 -0.00627488 1.51187
-2.46454 -2.31562 1.96201
1.17449 -0.802993 -6.8998
1.59294 -0.267487 -1.41165
1.26543 -2.26749 -3.43046
-5.05423 -0.870315 1.13959
-2.26859 -2.69154 -7.96541
-1.98251 -2.53272 -7.88234
1.16182 -0.958328 -7.05775
1.51825 0.0405894 -2.19287
-7.18261 -2.52188 -8.63608
-5.8694 -2.052 -6.69158
1.2317 -2.31084 -3.56084
1.41251 -2.96848 -4.00598
1.45372 2.92731 -1.34776
1.52371 2.96555 -1.28743
-7.19223 -2.54821 -8.39453
-7.19511 -2.59867 -8.30058
-7.06639 -2.29698 -16.1801
-2.69102 -0.212931 -10.6954
-0.341413 -0.0134826 0.133437
-0.312091 -0.0661895 0.0870992
-2.32933 -3.01156 -6.29896
0.345613 -0.0283879 0.172677
1.60334 -0.0277881 -2.33165
0.911506 -2.52718 -5.6452
0.923116 -2.59283 -5.71432
0.667766 -3.10735 -5.94757
1.47954 -0.0395783 1.55527
1.49913 -0.035793 1.58746
-5.05574 -0.859829 -3.57664
-0.655791 1.73395 -2.65618
1.51959 2.95949 -1.30304
-6.95554 -2.49028 -8.29822
-7.01349 -2.58199 -8.20527
-5.18407 -1.05756 -13.5463
-8.32468 -2.98908 -18.2978
-4.98623 -1.80915 -4.8296
-6.87719 -3.08001 -17.8499
-0.553949 -0.323593 1.5431
0.0380377 -0.140451 1.58187
-2.5 -2.85865 1.88505
1.10438 0.384757 -1.97713
1.12561 0.182516 -2.03889
1.11287 0.0273381 -2.07607
1.4819 -0.0165673 1.57016
1.48663 -0.0155468 1.52926
-5.07953 -0.898857 -3.57688
1.61653 2.99999 -1.17564
-6.87207 -2.05507 -6.21616
-1.63435 0.67122 -0.563963
-1.57259 0.646209 -0.362454
-1.57046 0.608605 -0.568168
-6.64526 -2.11573 -15.9222
-4.64532 -1.51719 -4.52236
-5.215 -1.90918 -8.6573
-6.73566 -3.03725 -17.5655
-3.73341 -1.51191 -6.76028
-6.70134 -4.00512 -9.91215
-2.98953 -1.80287 -6.33563
-3.55574 -2.51241 -7.37076
-2.83134 -2.54273 -6.77643
-0.459495 -0.281967 1.56977
-0.143512 -0.22916 1.57762
0.626155 0.0174643 -0.825028
1.39523 -0.737426 -2.13563
0.657836 -3.19014 -6.1145
1.14837 -2.60992 -5.18036
0.771565 -5.84302 -9.02176
-5.61872 -2.41749 -10.3405
-1.50134 0.304894 -0.369029
-2.21035 -1.45431 -6.58594
-1.41315 0.126433 -0.310283
1.24768 -2.52948 -8.18805
1.24881 -2.67586 -8.34625
-4.91132 -2.10365 -9.54878
1.20617 -2.58447 -8.29944
1.19675 -2.68899 -8.25227
-2.89678 0.375819 -3.12493
1.09159 -2.58327 -8.40598
1.19329 -2.63812 -8.25669
0.559359 0.0858913 -0.615949
-3.78375 -1.25079 -14.4154
-3.53296 -1.16293 -14.0642
-3.03903 -1.25081 -14.2787
-6.00515 -2.60454 -17.3947
-0.197041 -0.0165926 -2.44699
-0.346859 -0.00769738 0.32341
-0.0174484 -0.021588 0.155658
0.366311 -0.018236 -0.307445
0.119343 -0.00697581 0.229046
0.197981 -0.00136647 0.307478
-5.16068 -2.04598 -15.6031
0.164456 -2.45974 -10.1757
-0.331925 -0.016134 -0.299095
-0.297145 -0.0394631 -0.329214
-0.154587 -0.0190778 0.239
-0.138567 -2.99787 -8.56327
0.61523 -1.67654 2.13159
-4.62859 -2.77022 -17.7296
-3.05004 -2.32203 -16.2522
1.57325 -0.00890641 -2.21187
0.620831 -0.0807805 0.249837
0.603746 -1.69021 2.12248
-0.842546 -0.81355 -7.1555
-1.62736 -1.80264 -8.9799
-1.13 -1.53679 -8.60166
0.0283135 -1.94801 -7.92309
0.746522 -2.09005 -6.86432
-1.01343 -3.94238 -9.54697
0.549386 0.0298167 0.723485
0.7288 -3.0346 -7.82339
-2.66805 -4.62022 1.45848
-1.90327 0.0694746 -2.39591
-0.501559 -0.363548 -5.94892
-2.74855 -2.30347 -10.2531
-2.77926 -2.38464 -10.3329
-0.335296 -0.026222 -0.141439
-0.291581 -0.039879 -0.105297
-0.501244 -0.0062262 0.470379
0.343369 -0.0228471 -0.110517
0.0697672 -0.0162826 0.311366
0.360472 -0.0156321 -0.0326427
0.294398 -0.0173057 0.0933502
0.353059 -0.0142967 0.0984125
-1.82797 0.109422 -2.31957
-6.84007 -2.36057 -8.21752
-0.52805 -0.361679 -5.94795
-1.54368 0.210454 -0.221224
-3.65888 -2.1532 -9.40618
-1.40134 0.221566 -0.222832
-1.40239 0.182186 -0.30836
-1.3969 0.0678327 -0.204417
-0.492632 -0.00163879 0.449179
0.245565 -0.00701102 -0.209371
0.247678 -0.0177358 -0.0818903
0.287623 -0.0392445 -0.110173
0.274905 -0.0286875 0.0987899
0.318451 -0.0436683 -0.00644201
0.502789 0.0247516 0.476917
-18.4175 -5.98034 -19.9984
-0.349285 0.102003 -4.21739
-3.60863 -2.23494 -9.46116
-0.890102 0.101121 -0.558168
0.705296 0.0483047 -1.72245
1.03565 0.156265 -1.73347
0.983043 -0.0263301 -1.76187
1.21209 -2.43256 -5.01044
1.33051 -2.57435 -4.83108
1.46329 -0.0204282 1.5302
-3.51836 -7.04776 1.22339
-3.32517 -2.14648 -6.15904
-3.22232 -2.2121 -6.29257
-0.260346 -2.47642 -11.9412
-3.18601 -2.16492 -6.19393
-2.11754 -3.15229 -8.68361
-0.0961149 0.0334634 -0.356635
1.75673 -0.0338122 -0.787575
1.69224 -0.130881 -0.642315
1.32164 -1.06074 -1.25153
-0.0366983 -0.000846715 -0.113838
-0.102104 -0.0338306 -0.0312002
0.115094 -0.0115767 0.000366171
