899
-0.0532539 -0.000509691 0.189197
0.206447 -0.0041284 0.0639541
-0.0726658 0.00506806 -0.0477482
0.017467 -0.00152453 0.245197
0.0783124 -0.00174086 0.322559
-0.370496 0.00576548 0.311603
-0.128967 0.00242917 -0.137624
0.0791541 0.00428519 -0.0415367
0.127136 0.000764581 -0.0490303
-0.193616 0.00263828 -0.0779345
0.121977 -0.00571205 0.327425
0.466914 -0.0175629 0.356162
0.662711 0.0647223 -0.0530357
0.695925 0.075032 0.136231
0.656825 0.0786658 0.0190775
0.657605 0.0790865 0.0312714
0.669481 0.0692178 0.0545476
0.702225 0.0427921 0.0830918
0.666215 0.0515216 0.0245815
0.661698 0.0552055 0.0301392
0.686946 -0.0565779 1.16634
0.496361 -0.00506473 0.493168
0.31099 -0.00950279 0.185914
0.298233 -0.0142772 0.184353
0.139559 -0.0046349 0.302661
0.0238039 0.00786216 -0.18744
-0.0168563 -0.00484627 0.0564425
-0.0461758 0.00313803 -0.0227233
-0.0452161 0.00294929 0.097457
-0.0497002 0.00370036 -0.115025
-0.0878569 0.000519498 0.0594485
-0.0818574 -0.0137021 0.0516614
-0.156294 0.00525686 -0.326527
-0.169819 0.000765126 -0.128216
-0.17485 -0.00999421 0.300331
-0.179736 0.00872516 -0.0019818
0.321088 0.00300714 -0.298772
0.330042 0.00011568 -0.149256
0.30946 -0.00285422 -0.0150145
0.321581 -0.00388135 0.224071
0.309523 -0.0194951 0.323811
0.268807 -0.0224443 0.101057
0.199175 0.00543375 -0.211915
0.144219 0.0220918 0.306355
0.11819 0.014267 0.185578
0.0649719 0.00857082 -0.190115
0.0881571 -0.0160224 0.260156
0.0279635 -0.0114792 0.316616
-0.0946638 -0.00345092 -0.316276
-0.203425 -0.00362056 -0.310698
-0.343131 0.0180577 -0.297289
-0.511673 0.0187918 0.43534
0.67143 -0.0492329 1.16878
0.456024 0.00300743 -0.154077
0.518873 0.0106126 0.95519
0.457953 -0.00800914 0.353311
0.335917 -0.00782414 0.329947
0.280084 -0.00393476 0.337432
0.132588 0.119928 -0.103374
0.229139 0.00943148 -0.219406
-0.0720436 0.322935 0.186369
0.20539 -0.000810016 0.0668181
0.166824 0.000267935 0.332941
0.140807 0.00310033 -0.0226513
0.130093 -0.00075421 -0.0488313
0.14383 -0.017993 0.295979
0.13328 -0.0138246 0.323896
0.0836141 -0.0054717 0.242868
0.0740536 -0.00199566 0.320298
0.0639246 -0.0108406 -0.174342
0.042636 -0.00894052 0.333334
0.39679 -0.47722 -0.0145402
0.0167682 0.00678371 -0.192903
0.0264654 -0.00350021 0.249302
-0.288474 0.390191 0.150945
-0.0341446 -1.69492e-005 0.173174
-0.0475742 0.00379429 0.115436
-0.0553529 0.00623016 -0.135676
-0.0581957 0.00954564 0.124451
-0.0512273 -0.00375048 0.187419
0.558667 -0.905988 0.73491
-0.0511788 -0.0299584 -0.109502
-0.0846177 0.00739 -0.109123
-0.0853461 -0.00616896 0.0582372
-0.176372 0.111965 0.276957
-0.102831 -0.00616477 -0.00209307
-0.106469 -0.00127465 0.0402652
-0.129396 0.00345071 -0.0958956
-0.134179 0.00281929 -0.315602
-0.139417 -0.00720732 -0.321539
-0.164583 -0.000181254 0.313978
-0.182031 0.000325034 0.304406
-0.175967 0.00024372 -0.115819
-0.186734 -0.00240449 0.31521
-0.19993 0.0142358 0.273586
-0.188011 0.00229261 -0.317453
-0.19442 0.00140986 -0.0743804
-0.247562 0.0692054 0.292533
-0.281507 0.00694853 0.0899646
-0.287594 0.010996 0.0966711
-0.304364 0.0135129 0.116983
-0.11634 -0.443619 0.521775
-0.314628 0.0132404 0.128975
-0.369468 0.00453891 0.311052
-0.36767 -0.00168453 0.32382
-0.35263 0.014473 -0.316712
0.624968 -0.0138753 1.05243
0.701729 -0.0856157 1.21835
0.546865 -0.0105776 0.974176
0.497535 -0.0103047 0.488035
0.650968 -0.102214 1.19177
0.391728 -0.0035494 1.07421
0.394746 -0.0470965 1.09128
-0.369129 0.0133173 0.300764
-0.344118 0.139597 0.0811508
-0.345534 0.00657554 0.109122
-0.357532 0.014994 0.291503
0.185098 0.0674717 0.0516791
0.191263 0.0309874 0.0644015
0.198689 0.00194788 0.0629245
-0.0608731 0.00719059 -0.0464738
-0.0697376 0.00149592 -0.0489259
-0.0775754 0.00484432 0.0111807
-0.132503 0.0152625 -0.00123736
-0.135289 0.0063145 -0.0947876
-0.133806 0.00322172 -0.0872237
-0.140078 0.00130128 0.00460411
-0.141936 0.00215691 -0.0869247
-0.172129 0.00136822 -0.0177905
-0.303712 0.0106495 -0.0857516
-0.313635 0.00594553 -0.0882802
-0.353918 0.00806551 0.173937
-0.377322 0.000999865 0.306911
0.339161 0.00303153 0.318428
0.32161 -0.00201881 0.148197
0.334063 -0.0322445 0.119738
0.311601 -0.00611334 0.183268
0.300892 -0.00646752 0.101534
0.590893 -0.582724 -0.193519
0.00787694 -0.00687737 0.0819621
0.00696443 -0.00633215 0.0984582
-0.00412747 0.00186199 0.0533142
-0.0170321 -0.00699677 0.0543278
-0.0350622 0.0121937 0.0898261
-0.0350931 0.00180262 0.081011
-0.03021 -0.0106499 -0.0281261
-0.0692156 0.00342757 -0.0502445
-0.127048 -0.000633308 -0.141537
-0.136139 0.00430041 -0.0859474
-0.136847 0.00352674 -0.0161116
-0.170643 0.0026313 -0.128653
-0.174195 0.000791866 -0.00788541
-0.183706 -0.00120468 0.196923
-0.290681 0.0131796 -0.075353
-0.311138 0.00819443 -0.0847765
-0.346646 0.00563975 0.172717
0.336787 0.000915222 -0.097461
0.245624 -0.010057 0.0763288
0.153027 -0.00444899 -0.0404719
0.141688 -0.00658602 -0.0104316
0.0776778 0.00513029 -0.035081
0.030817 0.00100869 -0.193735
-0.0587874 0.00874035 -0.128501
-0.0515981 -0.000606701 -0.051767
-0.089485 0.000390651 0.0513047
-0.219571 0.190777 0.240491
-0.113318 0.0128268 -0.280859
-0.11308 0.00361699 0.00134073
-0.118857 0.00156323 -0.147906
-0.12495 -0.00415774 -0.231722
-0.126621 -0.00313972 -0.220478
-0.125413 -0.0104381 -0.0827812
-0.130695 -0.00353011 -0.0178844
-0.129359 -0.00778857 0.0312858
-0.155512 0.0116298 0.300734
-0.170818 -0.00215716 -0.131116
-0.194368 0.0241944 0.192355
-0.17914 -0.0100839 0.283002
-0.193453 0.0190531 -0.112999
-0.199413 -0.0161398 0.311393
-0.205879 -0.000352396 -0.0680443
-0.196729 -0.023709 0.0472298
-0.215365 -0.0157993 0.0644759
-0.303082 0.00834179 -0.08246
-0.126429 -0.00493071 0.309188
2.28832 -1.77355 3.0776
0.331714 0.00684439 -0.0833615
0.341907 -0.00281276 -0.0684358
0.34606 -0.00662564 -0.0597465
0.335458 -0.00416293 -0.0746727
0.244885 0.00337443 -0.212432
0.237448 0.00668375 -0.222069
0.232356 0.00305443 -0.201971
-0.190556 0.0019067 -0.0790707
-0.192881 0.000581723 -0.0856807
0.336884 0.00822952 -0.313733
-0.398975 0.721916 -0.246574
0.28206 -0.0306477 0.142918
0.231176 0.00442957 -0.228549
0.213369 0.00191866 -0.202663
0.484163 -0.366254 -0.0303222
0.30483 -0.403871 0.714145
-0.156668 0.237379 0.334679
-0.591886 0.610824 0.110411
0.502583 0.00214448 -0.469355
0.0307896 -0.000417862 0.249015
-0.059008 0.00782622 0.180841
-0.495416 -0.00829508 -0.475872
-0.118263 -0.00897049 -0.0613378
-0.159344 0.00197191 -0.270274
-0.176729 -0.0192329 0.0493126
-0.17716 -0.0257024 0.258198
-0.181954 -0.0602168 0.0945805
-0.220875 -0.00188451 -0.0479508
-0.284147 -0.0126169 -0.0853383
0.503517 -0.000366649 -0.483785
0.642663 -0.00540801 0.986007
0.510093 -0.0040953 -0.478478
0.574032 -0.0781211 -0.510527
0.267506 -0.057103 0.517175
0.0943051 0.0984406 -0.223355
0.219543 -0.0404049 0.504682
-0.243504 0.0235051 0.0185259
0.13738 0.00497711 -0.0467405
0.138939 0.00481893 -0.0161965
0.0957281 -0.0201058 -0.0372096
-0.0485565 -0.0141197 0.333645
0.306094 -0.00253009 0.173295
0.0875379 0.00638282 -0.0409891
0.0913281 0.00380536 0.236923
0.0794157 0.00519408 -0.0506386
0.0825975 0.00119156 -0.0404524
-0.0157001 -0.00147708 0.0483421
-0.0176561 -0.00751621 -0.0291385
-0.185461 0.00862219 -0.315534
-0.185086 0.00194639 -0.326618
-0.190266 0.00747904 -0.31895
0.29155 0.00177023 -0.0982029
0.139046 -0.0135286 -0.17867
0.17649 -0.113469 -0.17656
0.102321 -0.00144981 0.216074
-0.00146704 0.0645742 -0.0676196
-0.349833 0.00817744 0.172802
-0.0468664 -0.0207552 0.182445
-0.184603 -0.00314504 0.287166
0.244461 -0.00555631 -0.222923
0.212157 -0.00617834 0.0641788
0.0881603 0.0205069 -0.478938
-0.1995 -0.0947256 0.517868
-0.0395152 -0.000542496 0.16327
-0.161912 -0.000754379 0.248413
-0.354363 0.020891 -0.301731
0.506372 -0.0109654 0.500357
0.503359 -0.0112641 0.509697
0.331802 0.00537929 -0.0666092
0.320995 0.0128061 -0.0763648
0.309552 0.00945193 -0.096827
0.307891 -0.000484205 -0.102295
0.257152 -0.00396842 0.150406
0.0729952 0.0150826 0.312203
0.0786165 -0.00107513 0.323072
0.0174537 -0.00155491 0.244137
-0.130132 0.00229203 -0.137073
0.308803 -0.00694121 0.181557
0.0202231 -0.00397182 0.245716
-0.503241 -0.0142703 0.469137
-0.522888 0.00488017 0.460746
0.334109 -0.0115702 0.121498
0.218759 0.00191191 0.0856507
0.149778 -0.0133182 0.319982
0.0817888 -0.00661093 0.239728
0.0678158 -0.00206327 0.317386
0.0343801 -0.00190776 0.25473
-0.0231253 0.0300379 -0.0436435
-0.0421742 -0.0115773 -0.0424091
-0.0799452 0.0146953 -0.131499
-0.352332 0.00231335 0.107249
0.520506 0.100024 0.954005
0.485508 0.106996 0.968429
0.435257 0.138879 0.941063
0.364192 0.145083 0.92802
0.328826 -0.00994379 0.119055
0.313757 -0.00580621 0.102634
0.203825 -0.0208671 -0.24696
0.127862 -0.00356108 -0.0483863
0.12269 0.00445846 -0.0413596
-0.115386 0.0264384 -0.286442
0.513236 0.094156 0.95308
0.507907 -0.0142886 0.498212
0.0806962 -0.000633674 -0.0384576
0.00250299 0.104057 -0.0623579
0.0776328 -0.0952106 -0.0393283
0.0225907 0.00700783 -0.188359
-0.0273357 -0.0499232 0.494762
-0.487013 -0.00712925 0.46408
-0.523413 0.00553937 0.460375
0.347151 -0.000102343 -0.316705
0.397739 -0.428693 -0.682313
0.412829 -0.0760113 -0.340636
0.528495 -0.275184 -0.609155
0.340634 -0.00943908 0.329561
0.377607 -0.261675 -0.603564
-0.298876 0.602216 -0.037066
0.37661 -0.437201 -0.686248
-0.11885 0.251618 -0.249743
0.289933 -0.533329 -0.729212
-0.106312 0.00570605 -0.283013
-0.170968 -0.000665486 -0.128524
-0.413292 0.200164 0.375571
0.313584 0.00495096 -0.010633
0.32236 0.00287683 0.0973523
0.334408 -0.00566572 0.18999
0.312923 -0.0109517 0.30631
0.240358 -0.00201474 0.0979482
0.48917 0.0107232 -0.461007
-0.369791 -0.00712684 0.203827
0.558565 0.0754078 1.01354
0.514542 0.10591 0.979832
0.340675 -0.00120582 -0.0830153
-0.0920398 0.000898591 -0.00368107
0.339146 0.00272224 -0.312953
0.301047 0.0182576 -0.0772256
0.293065 0.0043147 -0.0940533
0.0171771 -0.0064806 0.477664
-0.0546715 -0.152094 -0.246979
-0.348347 0.00626636 0.169995
-0.0114525 0.0175754 0.0667925
-0.085658 0.00349689 0.0471801
-0.316744 -0.133825 0.514808
-0.344426 0.024772 -0.0506149
0.254785 0.0106835 0.0687301
0.16386 -0.000188512 -0.191452
1.84691 -2.56915 0.907028
0.0114471 0.00925267 -0.188086
-0.0114202 0.0340484 0.106799
-0.0299942 0.0301063 0.138697
-0.148223 0.00536588 -0.318736
-0.155745 0.00199479 -0.321028
-0.187353 0.00739015 -0.313177
-0.190044 0.00748038 -0.320444
-0.50385 0.00990541 -0.477471
0.457281 -0.000816895 -0.155847
-0.151531 0.00150924 -0.320718
-0.179453 0.000967525 -0.306335
-0.191909 0.00278262 -0.319452
-0.191438 -0.143455 -0.0877483
-0.267039 -0.000528913 0.0773487
-0.330326 0.00800188 0.160417
0.057017 0.00040942 -0.183815
-0.0332372 0.0235365 -0.0433974
-0.0939885 0.0210234 -0.294962
-0.084419 0.0179988 -0.126952
-0.10971 0.0146015 -0.168477
-0.0439404 -0.0776155 0.0263346
-0.118356 -0.00310718 -0.0614295
-0.164723 -0.00600096 -0.0606662
-0.256665 -0.0113497 -0.0957414
-0.499223 0.0157674 -0.455181
0.291268 -0.0560355 -0.245442
-0.0465528 0.0103351 -0.131488
-0.0464414 0.00134385 -0.126557
0.342535 0.00344149 -0.314349
0.288316 0.00253425 -0.0967361
0.308384 -0.00865708 0.181243
0.30371 -0.0320668 0.166906
0.266049 -0.0173166 0.15015
0.30956 -0.0443296 0.515886
0.224708 -0.0083577 0.486314
-0.165383 0.00939031 0.280563
-0.168616 0.00646585 0.313039
-0.0653493 -0.22376 0.195893
-0.17468 0.00631417 0.301591
-0.189957 0.00188673 0.312342
-0.185899 -0.0543134 0.0508268
-0.501928 0.0134048 -0.475788
0.338711 0.00197912 -0.311296
0.550766 -0.203263 -0.158945
0.139641 0.00386463 -0.0464615
-0.0240503 -0.00371537 0.108251
-0.0463801 -0.00364658 0.177246
0.122378 -0.00682062 0.326984
0.0275072 0.00169613 -0.171302
7.61136e-005 0.0138718 -0.315221
0.0354745 0.0265663 0.285387
-0.0527117 0.00673667 -0.144466
-0.0537025 -0.00231417 0.189171
-0.169059 -0.0223018 -0.297626
-0.327742 0.0089873 -0.483807
-0.360026 0.00890372 -0.48428
-0.393813 -0.00621299 -0.487363
2.16726 -1.09822 -0.00634743
2.32747 -1.22416 0.1826
0.236853 0.00245127 -0.219824
0.217191 -0.0052987 0.495357
0.0410776 0.0116726 -0.0435472
0.0228276 -0.00416008 0.245837
-0.089608 -0.00204182 0.471844
-0.0339523 -0.278546 0.220957
-0.0875635 -0.183538 0.238004
0.148359 -0.0128233 0.325239
0.0691114 -0.00770978 0.317781
2.98451 -1.56476 0.464853
2.61018 -1.31251 0.37694
5.74697 -3.57867 1.31081
3.66442 -2.08159 0.877767
4.04364 -2.35786 0.982461
2.75456 -1.46438 0.480848
2.49888 -1.30128 0.441279
11.2567 -7.66081 2.06235
2.13936 -1.00251 0.24065
1.79575 -0.788178 0.202309
-0.0434047 0.509727 -0.27258
0.420126 -0.0131743 -0.49032
0.199143 -0.00351876 -0.194485
0.133277 0.0069866 0.485105
0.0125596 0.0102859 -0.189101
-0.197004 0.000139823 -0.0755666
0.327925 0.00546086 -0.313367
0.225428 0.0009988 -0.231447
0.323996 0.0139524 -0.463427
-0.0237282 0.0104387 0.099961
-0.116416 0.00790077 0.304187
3.11752 -1.49316 1.14506
0.870385 0.0489822 0.465192
0.155309 0.518927 0.156977
3.26133 -1.62127 1.20421
0.296298 0.418186 0.217701
0.344136 -0.0146295 0.334213
0.131186 0.00608586 -0.172741
-0.0851723 0.0312115 0.144275
-0.115582 0.0403242 -0.00987093
-0.351216 0.00760742 -0.325901
-0.355536 0.014126 -0.319783
-0.360473 0.00620181 -0.31617
0.827394 0.0691894 0.417263
2.14861 -0.851683 0.831097
1.33805 -0.379345 0.258466
0.632315 -0.112004 0.271777
0.467233 -0.0200032 0.355872
0.16988 0.0641417 -0.461174
0.343841 -0.0205793 0.347357
0.289156 0.0391628 0.463925
0.101868 -0.00584107 -0.207914
0.168042 -0.0799824 -0.171056
0.0598461 0.0090398 -0.483705
-0.034237 0.0559504 -0.463851
0.0138289 0.00490074 -0.323858
-0.0604173 0.0495291 -0.465588
-0.0436266 -0.0257035 -0.483241
-0.145463 0.0359677 -0.468756
-0.113392 -0.0732806 -0.495875
-0.450782 0.135692 0.395298
2.96667 -2.23812 0.335234
0.133728 0.320668 0.274352
0.516286 -0.0247254 0.49285
0.335751 -0.00568354 0.128615
0.3549 -0.0798485 0.186189
-0.0663735 0.0350451 0.452531
-0.124917 0.0190584 0.4595
0.454633 0.018968 0.326949
0.467165 -0.00927339 0.469461
0.674373 -0.119069 1.11169
-0.518039 0.0134375 0.432097
0.721279 0.0945863 0.171616
0.617016 0.156927 0.109825
0.686804 0.0925835 0.202832
0.643329 0.110994 0.125383
0.566825 0.137026 -0.0301128
0.617659 0.101833 -0.00656746
0.611064 0.0927759 -0.0160801
0.438287 0.057376 1.01829
0.490122 -0.0896296 1.14468
0.421663 -0.0368444 1.08826
-0.311476 0.004823 -0.0869763
-0.504743 -0.0209865 0.46952
-0.517395 -0.0123656 0.474982
0.633046 0.146588 0.11211
0.579591 0.161216 0.000676303
0.635522 0.118068 0.0387922
0.663671 0.0872982 0.0169578
0.657308 0.0742731 -0.0419469
0.709437 0.057808 0.112548
0.6221 0.105048 0.0544436
0.584795 0.1175 0.00786327
0.430826 0.0595826 -0.31674
-0.0415791 0.445238 0.586955
0.0285291 0.1976 -0.30315
0.0378338 0.157141 -0.44745
0.254914 -0.00861813 0.0761976
0.0802652 0.0850244 -0.456961
0.591452 -0.414325 -0.0476802
-0.0814944 0.293646 -0.0983373
-0.0544263 0.249492 -0.117637
-0.0458402 0.226211 -0.106783
0.606907 -0.568566 -0.603329
0.335989 -0.214749 -0.068894
0.260457 -0.180334 -0.0511492
0.0841158 0.00052651 -0.0344582
0.112135 0.00183222 0.475932
0.0927355 -0.040466 -0.06047
0.0708054 -0.0392528 -0.0365709
0.0300785 -0.0188285 -0.0570575
0.0316508 -0.030867 -0.0309611
-0.218067 -0.00694066 -0.488547
-0.266877 0.0404293 -0.468561
1.45 -3.06226 2.19618
-0.0654306 -0.433784 0.515214
0.659231 -1.84474 1.51407
-0.34863 -0.00516986 -0.479854
-0.21173 -0.594015 -0.617167
-0.351732 -0.310095 0.646187
0.890765 0.0362954 0.429038
0.684131 0.0644756 0.00166601
0.655289 0.0754057 0.0433442
-0.0136582 0.268171 0.326104
3.2628 -3.39759 2.42295
0.079506 0.000372949 -0.0296443
0.0319419 -0.0870313 -0.337861
-0.145799 -0.0112334 0.151806
-0.197692 -0.0432535 0.0738531
-0.268619 -0.177649 -0.519761
0.809931 -2.76941 -1.10932
0.481111 -0.00325077 -0.468781
0.616458 -0.00744622 0.955143
-0.619645 0.563014 -0.343524
1.16756 0.154118 1.36875
0.995429 0.146911 0.666265
0.988634 0.153305 0.702571
1.10757 0.178076 1.36376
1.03853 0.164407 1.14415
0.954964 0.162707 0.823833
1.03104 0.169304 1.24937
0.979565 0.151576 0.973389
1.11525 0.133932 1.41452
0.975785 0.153424 1.13054
0.735624 0.133518 0.258436
0.937574 0.141844 1.41552
0.738845 0.103268 0.356742
0.670032 0.0456829 -0.108214
0.286679 0.0254411 -0.0796254
0.0517754 -0.00414675 0.276263
-0.567983 0.635306 -0.331029
-0.0590821 0.000207421 -0.0388077
-0.067257 0.00179021 -0.0597907
-0.0703321 -0.000346499 0.0527158
-0.110059 0.0101682 -0.294477
-0.087029 -0.00216952 0.0489023
-0.0851177 -0.00395939 0.0579659
-0.105175 0.00232347 0.0557885
-0.127943 0.00633809 -0.130832
-0.136091 -0.000374936 -0.130749
-0.507973 0.0173494 -0.475644
1.05625 0.155421 1.26681
1.00754 0.134838 0.989663
1.07664 0.136219 1.43143
0.476547 0.0319399 -0.229257
0.48057 0.0180101 -0.184873
0.479862 0.0278653 -0.0555751
0.536051 -0.0318939 -0.00765638
0.517215 -0.0167921 0.0528979
0.460218 -0.0035632 -0.154186
0.493818 0.00813681 0.463141
0.0116276 0.252014 0.219148
1.11221 -0.836646 0.720093
5.12733 -5.10522 -0.843635
1.4165 -1.16878 1.16788
0.712438 -0.510694 0.568739
0.129157 -0.00403306 0.298647
0.102317 -0.000772714 0.233244
4.00098 -4.83906 -0.832832
0.922355 -1.48998 -0.843263
-0.10067 -0.0114701 0.0387934
-0.298366 0.0299773 -0.0949574
-0.311162 0.00819358 -0.0889156
0.337646 -0.00394835 -0.107844
0.333092 -0.01092 -0.0407228
-0.471139 0.733387 0.0533818
0.345061 -0.0209076 0.117461
0.326714 -0.012009 0.196413
0.245657 -0.00742014 0.0769687
-0.534146 0.656925 -0.322768
1.10158 -1.59285 -0.841955
5.1641 -9.48172 -1.3272
-0.349531 0.0170811 -0.313014
0.512658 -0.00294718 1.06713
0.878715 0.182335 0.319459
0.917226 0.164152 0.419742
1.07528 0.196419 1.52937
1.08311 0.186754 1.52425
0.76633 0.0467031 0.0745519
0.337509 -0.000347985 -0.0653839
0.330541 0.00458853 -0.0360681
0.285211 -0.0192601 -0.106533
0.0485657 0.112242 -0.225245
-0.0300759 -0.00358916 -0.025098
-0.139837 0.0315677 -0.2303
-0.125786 0.014614 -0.226729
-0.696049 0.71696 -0.00658434
-0.171075 -0.0991769 -0.0554957
0.89586 -0.454941 0.77413
-0.112875 0.240114 -0.298973
0.719575 -0.808599 0.945866
-0.129293 0.00397752 -0.218049
-0.298078 0.0508231 -0.472883
-0.335346 0.0931102 -0.456567
-0.490421 0.134139 0.388234
0.614962 0.0138181 0.96633
0.335623 -0.00903609 0.323285
0.395406 -0.400462 -0.575008
-0.00296451 0.0394627 -0.19183
-0.308555 0.353947 0.26297
-0.208565 0.0079621 0.0549796
-0.533064 0.446602 0.205886
0.32003 -0.068126 0.333627
0.0478841 0.0642776 0.205637
0.0676022 -0.0770575 0.100861
-0.00430708 -0.0336863 0.141054
1.25199 0.144064 1.15436
0.834675 0.279627 0.690212
1.13377 0.145532 0.840609
1.16138 0.162299 1.12861
0.941389 0.189158 0.482757
0.710374 0.300261 0.420975
1.16289 0.12381 1.65757
0.324969 0.087658 0.947282
0.230492 0.00877495 -0.230799
0.263374 -0.0339115 -0.24454
0.0356685 0.0831257 0.259453
0.0135778 0.00440502 0.242676
-0.0551891 0.0114189 -0.142462
-0.0562858 0.00831227 -0.136302
0.107515 -0.0760749 1.23059
-0.0353947 -0.0345826 -0.149128
0.0512534 -0.056669 1.23094
-0.172311 -0.00769339 0.297069
-0.284251 -0.0629632 0.166417
-0.354504 0.00615187 0.17377
-0.551174 0.914533 0.116204
1.18402 0.152566 1.13979
0.147873 0.543751 0.0791261
0.846713 0.202804 0.310644
0.901226 0.169192 0.412812
1.23499 0.124799 1.6659
0.159947 0.162158 -0.212757
0.0736364 -0.00267053 0.316615
0.210401 -0.261582 0.241494
-0.0948947 -0.0278955 -0.00052774
-0.138068 0.00481187 -0.0185652
-0.200928 0.008342 0.2567
-0.338651 0.0223061 0.143498
-0.52395 0.0104007 0.458397
0.304114 0.0101357 0.103239
0.343411 -0.098354 0.125439
-0.5613 0.56598 0.06965
-0.204312 -0.000379341 -0.0647662
-0.306955 0.00872289 -0.0878032
0.841606 0.0450008 0.412039
0.489684 -0.0320986 -0.466215
1.3826 0.1553 1.15148
0.959997 0.220984 0.0414763
1.37609 0.152691 1.28629
0.954384 0.223748 0.160377
1.4602 0.127668 1.47384
1.06572 0.181835 0.304672
1.37458 0.151136 1.4139
0.944544 0.199371 0.0149078
1.00611 0.167389 0.0330828
0.9281 0.194784 0.0181445
1.35136 0.135796 1.42473
1.3744 0.120057 1.48747
0.908918 0.221164 0.323331
0.914456 0.199359 0.194941
0.832663 0.226364 0.18102
0.772353 0.106382 0.33278
0.46915 0.0420432 -0.464998
0.0585043 0.0306421 0.233574
0.115933 -0.0348923 0.248968
-0.00428589 0.0782809 0.220628
-0.359825 0.048605 0.293043
0.979451 0.184728 0.0149236
1.29938 0.16832 1.26406
1.28999 0.183747 1.36203
0.955411 0.189729 0.0306463
1.32765 0.149102 1.40755
1.27952 0.162109 1.41493
0.987618 0.172164 0.343114
1.25658 0.139725 1.29589
0.965284 0.143484 0.173115
0.926109 0.202261 0.499243
1.10374 0.0734501 0.219058
0.885988 0.178877 0.24991
0.899604 0.177995 0.319808
0.954958 0.16998 0.690398
0.797235 -0.107423 -0.96991
0.48577 0.0194337 -0.470931
0.540325 -0.064145 1.12931
-0.495796 0.592922 0.0131838
0.71364 -0.795541 0.280314
-0.0884229 -0.00169404 0.0561898
-0.326029 0.253523 -0.119628
-0.145987 0.00751914 -0.317713
-0.170472 0.0455565 -0.161359
-0.206243 0.0357751 -0.306746
-0.193807 0.00260102 -0.320027
-0.177071 -0.0189394 0.331922
0.807593 -1.38854 -0.489106
-0.35041 0.0128308 0.165548
-0.522698 0.00944929 0.457482
-0.485016 0.781808 -0.0877012
1.4913 -1.04843 1.0739
0.127253 -0.151777 0.111017
-0.307454 0.287261 0.201396
-0.229789 0.105672 0.265809
-0.194153 0.00592081 0.273871
-0.241535 -0.00188804 0.0482618
-0.143017 -0.154732 0.102892
-0.162723 -0.148532 0.126477
-0.224276 -0.10471 0.149383
0.183794 -0.0429096 -0.193554
-0.148378 0.0457481 -0.11533
-0.168843 0.0282113 -0.162872
-0.253562 0.111853 0.134538
-0.2192 0.0227031 0.00780452
-0.212917 -0.0298369 -0.087157
-0.341854 0.0200212 -0.293749
-0.359122 0.0201919 0.0968925
-0.352625 0.0106639 0.291403
-0.37154 -0.00595834 -0.0463039
2.75802 -0.427839 0.676157
1.36015 0.154377 0.363872
1.47946 0.170275 0.987056
1.71694 0.119638 1.56563
1.09043 0.184572 -0.328297
1.23902 0.165678 0.0999647
1.36369 0.166531 0.719787
1.34555 0.178106 0.74292
1.45661 0.17338 1.15638
1.08663 0.187523 -0.197486
1.21346 0.17956 0.240166
1.36873 0.173793 0.847619
1.16062 0.183469 0.110598
1.50288 0.165592 1.3932
1.34608 0.172094 0.831592
1.34069 0.176805 0.849596
1.48687 0.169056 1.40261
1.16144 0.202437 0.37194
1.39959 0.159827 0.996586
1.51889 0.147922 1.40681
1.57024 0.151562 1.63632
1.34437 0.17626 0.95532
1.05215 0.195631 -0.0732153
1.23927 0.158051 0.389054
1.3296 0.173775 0.963822
1.22756 0.157635 0.42226
1.22614 0.158785 0.4265
1.16867 0.187533 0.434908
1.34373 0.164796 0.993486
1.2009 0.162168 0.392911
1.22557 0.160809 0.486796
1.33466 0.153459 0.996155
1.37966 0.147015 1.54884
0.728074 0.0869976 0.310813
0.798089 0.0440939 0.339574
0.835507 -0.0421703 1.69098
0.402129 0.223869 1.27479
0.346622 -0.000637504 -0.319711
-0.0289602 0.355285 0.294443
0.0531023 0.08774 -0.227285
0.0534609 0.0918959 -0.0250531
-0.0493798 0.120478 -0.0867989
0.212777 -0.0693414 1.18783
0.234521 -0.0946954 1.22324
0.158394 -0.0466931 1.18133
0.0232293 -0.0733512 1.28819
-0.849998 0.875354 -0.0578496
-0.0210297 -0.256233 -0.0976776
0.194495 -0.563316 0.795032
-0.362999 0.149889 0.0691654
-0.153406 -0.176076 0.118562
-0.227997 -0.102809 0.135211
-0.220002 -0.207566 0.578434
-0.353673 -0.091132 0.515691
1.44218 0.135739 0.779097
1.49612 0.15387 1.18241
1.08147 0.183452 -0.195198
1.27054 0.205937 0.802165
1.25447 0.149308 0.399305
1.45847 0.122482 1.02867
1.19506 0.174178 0.446684
1.22718 0.162156 0.481454
1.42446 0.133802 1.17869
1.26977 0.0221623 1.83388
1.41596 -0.0588466 1.98798
0.39743 0.0675954 0.142971
0.335857 0.000552982 -0.317048
0.222389 0.067693 -0.46243
0.244134 0.0284184 -0.480273
0.163174 0.047753 -0.189858
0.26751 -0.0665731 -0.196172
1.04758 -0.779979 -0.00761233
-0.013952 0.182773 -0.192641
0.101625 0.0611409 -0.0894971
-0.00630783 0.00469065 0.0538777
0.147979 -0.15685 0.139936
-0.008227 0.00144767 0.130653
-0.014774 -0.00102613 0.145414
-0.0167283 -0.00928967 0.160649
-0.265662 0.241338 0.0589195
-0.0621059 0.00333526 0.143435
-0.0706249 0.0144526 0.175839
-0.829774 0.86762 -0.051493
-0.260678 0.121856 0.231148
0.5946 -0.98031 1.01249
-0.432282 -0.00129813 -0.479855
0.962489 0.165944 0.216749
0.929292 0.197447 0.333395
0.650451 -0.0143204 -0.907262
0.496703 0.00635679 -0.463692
0.543698 -0.111142 -0.496729
0.438311 -0.0620035 -0.262732
0.336677 -0.000966335 -0.307491
0.244747 0.179742 0.873232
0.576433 -0.146391 1.22923
0.0691277 -0.00390342 -0.0200173
-0.00989868 0.00398034 0.0590946
-0.429869 0.419528 0.14485
0.61469 0.0102649 -0.850482
0.453933 -0.0232336 -0.477969
0.294906 0.0143913 -0.289967
0.314914 0.00687336 -0.144702
0.247168 -0.00472024 -0.0843105
0.240719 -0.0107803 0.314613
1.23535 0.207881 0.201246
1.06691 0.199657 -0.574036
0.902919 0.225978 -1.02797
0.906438 0.226366 -1.00753
0.924731 0.230134 -0.893857
1.19589 0.193026 -0.0207066
1.18526 0.194553 -0.0122248
1.07321 0.197062 -0.450657
0.932143 0.186667 0.222339
0.79411 -0.362051 -0.556332
0.801146 -0.210931 1.24647
0.431727 0.0639833 0.974003
0.191119 0.250521 0.788805
-0.132178 0.453192 0.628132
0.00761359 0.283663 0.827918
0.237948 -0.00466551 0.105126
-0.156698 0.428758 0.655063
0.202097 0.0189558 0.10751
1.12043 -0.772214 1.9382
-0.0819222 0.326602 0.740696
0.0414489 0.189232 0.931875
-0.0290485 0.173011 -0.180902
0.128902 0.00353144 -0.0472778
-0.460749 0.615759 -0.159379
-0.117432 0.240026 0.918797
0.323603 -0.315027 0.664051
0.293903 -0.327986 0.670705
1.5749 -1.90804 1.16743
-0.0957739 0.0345475 -0.10639
8.09633 -10.1661 4.72646
0.253208 -0.474833 0.522877
-0.128739 0.00275505 -0.136158
-0.129445 0.00399584 -0.1299
-0.209349 0.019826 0.195181
0.106971 -0.453762 0.520846
-0.217481 -0.0156973 0.099448
-0.562694 0.466279 -0.156367
0.504137 -1.40879 1.25675
4.78004 -10.2918 6.19453
1.09669 0.178406 -0.0800117
1.07827 0.17038 -0.0709052
1.06775 0.189797 0.052952
0.628973 0.401778 -0.00670951
0.936761 0.202433 0.0246503
1.07551 0.170352 0.824751
1.06326 0.108661 1.18429
0.824522 -0.018063 0.0436456
0.809571 -0.0255526 -0.0294021
0.849698 -0.0510951 0.0021942
0.902614 -0.107647 0.0392167
0.204336 0.00284289 0.0652422
0.218127 -0.083454 0.265291
0.404058 -0.510437 0.554204
-0.00262162 -0.120651 -0.0909739
-0.263131 0.181084 -0.195517
-0.218639 0.118429 -0.205442
-0.298301 0.0335112 -0.0951884
-0.689244 0.656522 0.108432
-0.509251 0.0224018 -0.474372
1.33131 0.102783 1.20045
0.761508 0.0275812 0.129488
0.495292 -0.00804521 0.484541
-0.194135 0.418075 0.244896
0.0637168 -0.259654 0.609616
-0.420556 0.304151 -0.418074
-0.304821 0.0166752 -0.0845815
-0.129075 -0.312805 -0.532852
