1206
-0.302911 0.00430817 -0.0822484
-0.185605 -0.0198373 -0.329643
-0.345896 8.20066e-005 0.324273
-0.11481 0.0112762 -0.135343
0.511657 -0.0135335 0.482637
0.353629 -0.00431313 -0.319839
0.222419 -0.0106173 0.0612591
-0.499931 1.30553e-005 0.483959
-0.349894 0.0076129 -0.312586
-0.332308 -0.000348042 0.189865
0.0405939 0.000277778 0.248711
0.141346 -0.0116301 0.325455
-0.150303 0.0312023 -0.118389
-0.117735 0.0171534 -0.0828645
0.467424 -0.0126572 0.173606
-0.181495 -0.0165161 -0.0800586
0.46885 -0.0213902 0.178213
0.866535 -0.0176317 -0.241952
0.872847 -0.0175966 -0.245271
0.407153 0.0120379 -0.335377
0.860424 0.00420047 -0.219813
0.502082 -0.0150133 0.113207
0.453126 0.0270648 -0.318934
0.467979 -0.012689 -0.336065
0.478923 -0.018942 -0.331987
0.473453 -0.0341436 -0.33627
0.240526 -0.0261726 -0.229756
0.248556 -0.0114424 -0.223575
-0.0336539 0.00854471 -0.125496
0.333074 -0.00831016 -0.0780531
0.344192 -0.00301584 -0.0767675
0.144503 -0.0113262 -0.0493867
0.107528 -3.08644e-005 -0.041293
0.138872 -0.00822497 -0.0412399
0.110029 0.00333229 -0.0341469
-0.026331 0.0128695 -0.0248728
0.148213 -0.0305362 -0.0422702
-0.159186 -0.00219315 -0.0103198
-0.149627 -0.00239206 -0.0105845
-0.0567039 0.0209567 0.0332717
-0.092015 0.0104864 0.0434559
-0.0693106 0.0103466 0.065407
-0.00184417 0.0663958 0.112179
-0.274666 0.0173141 0.116127
-0.0085382 0.0560426 0.118771
-0.0280269 0.0173775 0.147985
-0.00995745 0.00698741 0.163568
-0.00243389 -0.0245474 0.163746
-0.0460635 -0.0204866 0.168153
0.298233 0.00148207 0.167324
0.305411 -0.00773256 0.171399
-0.0259376 0.0213655 0.187873
0.315538 -0.0112064 0.177221
-0.0329588 0.00702534 0.194486
-0.155853 0.00376654 0.231456
-0.155086 0.000956725 0.249339
0.158065 0.0192383 0.287675
-0.14862 0.0203903 0.307972
0.360984 -0.0109589 0.31715
0.355226 -0.0128111 0.323204
-0.150322 0.00798767 0.402964
-0.183596 0.0102614 0.473009
-1.88959 -9.33903 0.595747
-0.319422 0.0172234 -0.276309
-0.201599 -0.0168062 -0.298764
-0.0668136 -0.0112825 -0.297476
0.321194 0.0116367 -0.292901
0.192563 0.00511584 -0.209384
-0.0796699 -0.0215533 0.0260783
0.000134022 -0.014448 0.103723
-0.0196596 0.00517403 0.180933
0.349815 -0.0425268 0.190612
-0.326011 0.00365386 0.312872
0.338149 -0.00869771 0.313214
-0.484878 -0.00240241 0.456527
0.49975 -0.0149547 0.473182
-0.512714 -0.00565342 -0.477394
0.402389 0.0392101 -0.324011
-0.138598 0.0183488 -0.314008
-0.344774 0.00552448 -0.309556
-0.190087 -0.00498804 -0.318749
0.469071 -0.00817993 -0.328875
0.352802 -0.00548046 -0.318653
-0.100868 0.00370816 -0.286772
-0.148805 0.0577946 -0.245326
-0.101704 0.0357597 -0.250052
0.866026 -0.0158872 -0.240491
0.250466 -0.0142481 -0.223181
-0.035745 0.00511215 -0.128381
-0.294486 0.00743895 -0.0828116
0.314792 -0.0135852 -0.101155
-0.116493 0.000843913 -0.0814082
0.215429 -0.0452819 -0.103768
-0.182751 -0.00787667 -0.0764726
-0.0436847 0.0176794 -0.0442272
-0.137539 0.244441 0.0391511
-0.0247187 0.0170266 -0.025264
0.0184364 -0.00553341 -0.0329169
0.099503 -0.0090806 -0.0360549
0.111987 0.00101324 -0.0329359
-0.159169 -0.010312 -0.0102862
-0.170818 0.0469959 0.0380232
-0.0617973 -0.00931584 0.0265808
-0.127076 0.448379 0.16112
-0.183631 0.0105056 0.0408877
-0.329884 -0.462852 -0.070529
-0.116258 0.387837 0.153619
-0.0596288 0.00394811 0.0558071
-0.0200208 -0.250898 0.0244084
0.318154 -0.0157889 0.0997378
0.0321444 0.156344 0.156783
0.328685 -0.00598036 0.121535
0.00751556 -0.176278 0.0980956
0.328008 0.0405957 0.142482
-0.0443526 -0.0165424 0.152842
0.0125045 0.10396 0.174561
-0.0443792 -0.0208151 0.169944
-0.000498948 0.0732322 0.186447
0.302384 -0.00179395 0.171134
0.315595 -0.00513193 0.176609
0.468282 -0.018833 0.170305
-0.028208 0.00478705 0.192836
-0.157793 -0.0163034 0.229967
0.105876 -0.0066249 0.242894
0.165622 -0.161887 0.259113
-0.160516 -0.130102 0.278092
0.149091 -0.0300044 0.299171
0.354123 -0.0334137 0.31764
-0.158122 -0.0049056 0.398135
-0.52534 -0.0606398 -0.507024
0.502388 -0.00609028 -0.482291
-0.0343098 0.0361714 -0.119766
0.337988 0.00228703 -0.112359
0.312929 0.0134827 -0.0815986
0.165658 -0.00492681 -0.0591428
0.228336 -0.00743969 0.0674334
-0.308549 0.0061007 0.173087
0.159445 -0.0734284 0.271168
0.0871251 -0.00023132 0.318999
0.157871 -0.00514445 0.315986
0.0644366 -0.00150931 0.343406
-0.476593 0.00893634 -0.45308
0.480699 -0.0141817 -0.476436
-0.320574 -0.00982573 -0.305848
-0.273865 0.0818581 0.0973976
0.140719 0.0598416 0.132076
0.0981929 0.00318643 0.197322
0.0512905 0.00146378 0.250954
0.048576 0.000197012 0.29999
-0.115563 0.0102766 -0.135189
-0.110947 0.0158193 -0.125618
0.0162523 0.00334517 0.0564108
-0.336354 -0.00784815 0.186614
0.0918368 -0.00651078 0.300573
0.0988671 -0.0077834 0.331544
0.068233 -0.0122906 0.346802
-0.910081 0.0180171 -0.569134
0.148251 -0.0208617 -0.224638
0.103295 -0.00318857 -0.20828
0.0270996 0.00737763 -0.187548
0.158039 -0.0252758 -0.00805481
-0.278845 -0.0333654 0.140544
-0.184142 -0.145332 0.152168
-0.346981 -0.00721925 0.323539
-0.689782 0.0329033 0.396358
-0.67534 0.062198 0.429678
-0.500799 0.000313757 0.480458
0.510157 -0.0162789 0.480581
-0.108489 0.0114916 -0.305885
0.341706 0.00126334 -0.301581
-0.105116 0.0192673 -0.256301
-0.166742 0.0117167 -0.128838
-0.273908 -0.00467117 -0.0766134
-0.192824 -0.00926841 -0.0654618
-0.106907 0.0243963 -0.0115028
-0.166446 -0.0372998 -0.00502431
0.310815 -0.0321543 0.169107
-0.142454 0.00861088 0.286799
-0.178953 0.00495721 0.312524
-0.116411 0.00631366 0.311411
0.506959 -0.0115586 0.478747
-1.02456 0.0621416 -0.687753
-0.942562 0.0926508 -0.659582
-1.04452 0.0519279 -0.68733
-1.08517 0.0254757 -0.673345
-1.07023 0.015959 -0.681516
-1.04714 0.0359436 -0.660158
-1.11275 0.0108797 -0.671178
-1.09139 0.0121684 -0.629761
-1.07698 0.0149971 -0.605466
-1.06553 0.0137612 -0.601822
-1.1027 0.00311447 -0.604588
-1.07509 0.00810423 -0.597302
-1.04851 0.0289472 -0.577404
-1.07697 0.00276526 -0.538982
-1.06747 -0.000213735 -0.450419
-0.102768 0.00181476 -0.297068
-0.0320476 0.00979291 -0.0307785
0.294097 -0.0129517 0.0836337
0.92996 -0.0153873 0.391625
-0.102489 -0.00903892 0.467297
-1.07055 0.0129078 -0.683509
-1.0638 0.00580379 -0.597509
-0.699635 0.0296049 -0.0670054
-0.693956 0.0442574 -0.0307926
-0.0510117 -0.0017808 -0.0476924
0.121796 -0.0163864 0.22461
-0.0286098 -0.00236224 -0.0377085
-0.0300023 0.0107236 0.191566
-0.693179 0.0324565 0.407237
-0.660393 0.102876 0.465231
0.252067 0.00434056 -0.0763308
-0.184684 0.0176063 -0.319187
-0.182164 0.00796669 -0.316993
-0.174516 0.00318356 -0.30728
-0.120949 0.0109171 -0.00643221
0.0418556 -0.00095889 0.249716
0.512644 -0.00504464 -0.479008
-0.352063 -0.00223362 -0.31685
0.247298 -0.0069902 -0.225617
0.866382 -0.0074361 -0.241469
-0.115423 0.011698 -0.140017
-0.113806 0.00885615 -0.085357
0.159112 -0.0205516 -0.0205676
-0.328346 -0.0236601 0.172625
0.497279 0.0192457 0.29182
0.35378 -0.0153022 0.317444
-0.186372 -0.00105885 0.312341
0.495793 -0.000359667 -0.452059
-0.493176 -0.0113084 0.469949
-0.120749 -0.00387329 -0.308986
-0.0997462 0.00626747 -0.287492
-0.117945 0.00530533 -0.139125
-0.0492539 0.0124986 -0.124124
0.103122 -0.0434765 0.297971
-0.522279 -0.047695 -0.514763
-0.519768 -0.0909379 -0.549954
-0.182984 0.0133395 -0.311197
-0.131068 0.00305302 -0.319576
0.413535 -0.00775314 -0.346959
0.0345643 -0.00889842 -0.194915
-0.0380639 0.00122205 -0.132727
-0.140117 0.111458 0.0477788
-0.17482 0.0802059 0.0780307
0.277699 0.0237805 0.0948238
0.293702 -0.00469163 0.0893287
-0.0843866 0.493681 0.342637
0.336584 -0.0266935 0.126421
0.324935 -0.00778652 0.180366
0.0692225 -0.0128683 0.341803
-0.49912 0.0172832 -0.446483
0.237758 0.00094268 -0.217725
0.0391597 0.00607825 -0.190488
-0.214568 -0.217581 -0.0413574
0.23263 -0.01057 0.068185
-0.18118 -0.169766 0.117858
1.10859 -0.0143806 -0.994066
1.31474 -0.0356465 -0.978349
-0.492645 -0.000587036 -0.446398
-0.337865 0.00323845 -0.287634
-0.209533 -0.018287 -0.306123
-0.0393048 0.13069 -0.208604
0.00748036 0.0408991 0.14816
0.327371 -0.00613964 0.303983
0.49236 -0.0114122 0.473456
1.38791 0.0945005 -1.10309
1.10909 0.158609 -0.988169
1.5732 0.0472129 -1.14413
-0.99864 0.124156 -0.845324
-0.990862 0.142603 -0.812197
1.07349 0.0636523 -1.06375
1.37953 0.0948609 -1.05382
-1.07349 0.120324 -0.823903
1.10551 0.158143 -0.948382
1.62229 0.039756 -1.11984
1.3417 0.115811 -1.00711
-1.06741 0.127483 -0.79245
1.30926 0.133854 -0.970281
1.62265 0.00210028 -1.14053
1.37138 0.0791626 -1.02993
-1.06479 0.0891196 -0.822455
1.14928 0.175541 -0.898997
1.31372 0.12806 -0.958121
-1.05846 0.103342 -0.789473
-0.703558 0.0334003 -0.877993
-1.01503 0.0661981 -0.790117
1.33654 0.0892827 -0.908043
1.14041 0.0622541 -0.895743
1.18485 0.0444799 -0.858273
1.26444 0.00905885 -0.899954
1.22509 0.0389988 -0.807926
-0.498434 0.0229688 -0.457695
0.0263791 0.00833883 -0.188752
-0.156249 0.010961 -0.127509
-0.158618 0.0138255 -0.112043
0.329729 -0.0360992 -0.0972205
-0.264692 0.0999612 0.199486
0.330186 0.121122 0.367095
1.07865 0.203353 -0.926154
-0.996241 0.114992 -0.848354
1.05015 0.109269 -1.01429
1.0793 0.193782 -0.908603
1.36002 0.11586 -1.01801
-1.09133 0.0717083 -0.850245
1.63054 0.0201329 -1.10213
-0.698266 0.0487443 -0.851829
-0.996854 0.0774699 -0.763082
-0.993037 0.0609465 -0.755605
1.03586 -0.0212559 -0.991216
1.13368 0.077039 -0.881929
1.22482 -0.0212845 -0.922788
1.25372 0.0293219 -0.876066
1.25017 0.0017039 -0.849955
-0.331231 0.0589888 -0.270537
-0.291492 0.0158046 -0.0765239
0.342737 -0.0643959 -0.101624
-0.513281 -0.0329114 -0.0177261
-0.0977125 0.0622476 0.0284818
-0.695177 0.0427765 0.12607
-0.0059827 -0.015586 0.0858116
-0.322249 0.0288756 0.195935
0.0434115 0.000406804 0.250604
0.151873 0.010217 0.301187
0.151831 0.0131614 0.326469
0.158008 0.022922 0.344265
-0.497521 0.0157378 0.397589
-0.493583 0.015078 0.486155
-1.05099 0.0353193 -0.926608
-0.654457 0.13273 -0.746933
-1.01535 0.0401077 -0.792796
-1.01325 0.0246381 -0.764984
-0.900655 0.0386986 -0.612911
0.42034 -0.327559 -0.466784
-0.354323 0.0306264 0.099912
0.148614 0.213493 0.391983
-0.144642 -0.0460745 -1.25592
-0.900593 0.0695749 -0.619023
-0.917988 -0.00200578 -0.59485
-0.320537 -0.0036771 0.0521116
0.0413413 -0.00720976 0.308385
1.51728 -0.0360022 -1.70039
0.356954 0.0647287 -1.4186
0.327457 0.142289 -1.30679
0.346194 0.207287 -1.22097
0.762669 0.10037 -1.39323
0.77549 0.109042 -1.38302
1.36919 0.0771475 -1.35744
1.38021 0.0913661 -1.33218
1.32767 0.184175 -1.17901
0.0878929 0.09412 -1.19823
1.31718 0.192864 -1.15631
1.59806 -0.00507684 -1.36612
1.44246 0.00509488 -1.33283
1.31605 0.155891 -1.12901
1.43659 -0.0120018 -1.30396
1.33354 0.108549 -1.13309
1.34816 0.092762 -1.13671
1.02257 0.0807654 -0.965433
-1.24074 -0.0460579 -0.755656
-1.20951 -0.00857748 -0.671854
-0.909331 0.0795802 -0.601913
-1.16371 -0.00277792 -0.629862
-1.16148 -0.00796646 -0.59765
-1.14805 0.0202003 -0.526767
-1.07125 0.0373889 -0.363523
-1.08139 -0.00154768 -0.392334
-1.06746 0.0442212 -0.316242
-1.10441 -0.00679899 -0.329722
-1.04848 0.0451521 -0.295635
-1.07334 -0.00389944 -0.286004
-1.07687 -0.00537486 -0.251168
3.72583e+007 -3.77661e+008 -2.37551e+008
-0.457259 -1.4939 -0.954229
-1.26278 -5.96536 -3.49431
-0.117977 0.0047312 -0.0881302
-1.747 -11.0381 -6.29955
0.230575 -0.111208 0.0159947
0.116395 -0.00647789 0.244514
-0.131258 0.0716384 0.317016
-0.14432 0.076059 0.327737
-0.138745 0.0260182 0.308031
1.49266 -0.0210716 -1.663
0.344213 0.150809 -1.30409
0.744986 0.141667 -1.34018
0.764992 0.141708 -1.34342
0.318381 0.117002 -1.33012
0.364472 0.153852 -1.28483
1.28668 0.193459 -1.21807
1.41906 0.0688145 -1.33436
1.30319 0.170144 -1.10885
1.33656 0.109829 -1.13503
1.37529 0.0785556 -1.14488
1.69454 -0.145753 -1.38941
1.29576 0.134136 -0.849306
-1.15218 0.00500316 -0.714182
-1.15594 0.00543677 -0.687726
-1.06822 0.0134135 -0.685402
-1.11276 0.00935854 -0.673451
-1.14814 0.00188898 -0.619041
-1.09855 0.00430487 -0.617282
-1.06611 0.0114569 -0.602069
-1.15765 0.00274217 -0.593037
-1.07582 0.00650915 -0.533702
-1.1095 -0.0266224 -0.409726
0.522492 -0.0613713 -0.512236
-1.07671 -0.000236719 -0.333806
-1.07407 -0.00807823 -0.287349
0.10442 0.748995 0.261973
4.98847e+007 -4.4612e+008 -2.86524e+008
-0.120058 0.0321095 -0.161846
0.86606 -0.012766 -0.236466
0.151159 0.258202 -0.0265686
-0.109323 0.018542 -0.136334
-0.161822 -0.00307942 -0.135863
-0.104147 0.810274 0.365223
-0.351709 0.0273124 -0.0742453
0.156827 -0.0667924 -0.076851
0.128221 -0.2003 -0.116634
-0.16814 0.0224742 0.248439
-0.445227 0.183689 0.345546
-0.144569 0.0496833 0.330081
-0.170469 0.00124991 0.321588
-0.134374 0.00519713 0.321334
1.55446 -0.113266 -1.66995
1.45974 0.00248308 -1.40801
0.0908394 0.0554687 -1.21753
1.30994 0.152568 -1.09368
2.19932 -18.8274 -12.364
0.340003 0.019192 -0.121409
-0.421817 0.253051 0.369636
-0.153041 0.108618 0.317352
-0.107942 0.110796 0.345335
-0.483545 0.00576368 0.468575
1.05385 0.249298 -1.6084
-1.0248 0.241849 -1.38366
-1.00979 0.248763 -1.36741
-0.367029 0.272678 -1.37347
-0.247414 0.259675 -1.40517
-0.12598 0.226796 -1.46741
0.00375535 0.214212 -1.48903
0.521244 0.24501 -1.49237
0.511439 0.224255 -1.51517
1.18473 0.223564 -1.57669
-0.3624 0.27291 -1.31918
0.791901 0.247318 -1.45284
0.943545 0.218892 -1.51171
0.853554 0.167145 -1.56747
-1.21122 0.237561 -1.23345
-0.265054 0.215456 -1.32478
0.0447274 0.214202 -1.35595
0.0641736 0.223196 -1.34509
0.193473 0.241313 -1.32437
0.218438 0.221343 -1.35533
0.400123 0.194073 -1.39254
0.668446 0.203042 -1.4049
0.81342 0.220283 -1.39648
-0.0971824 0.205981 -1.3196
-0.0851906 0.204656 -1.29714
-0.0528435 0.192518 -1.31723
0.827146 0.211134 -1.35859
0.297783 0.1908 -1.32633
0.19711 0.198976 -1.29577
-0.329028 -1.34222 -2.6915
-0.378685 -1.48552 -2.83882
-0.416684 -1.80709 -3.17554
-0.332895 -1.19961 -2.48691
-1.25447 0.00505614 -0.730606
-1.20839 0.00316539 -0.568595
-1.21869 -0.00550811 -0.511201
-1.16477 -0.00918505 -0.486871
-1.20788 -0.00678229 -0.475222
-1.17209 -0.00136302 -0.455266
-1.22596 -0.0243851 -0.464703
-1.16192 -0.010126 -0.456976
-1.16598 -0.00153728 -0.40561
-1.17435 -0.00411 -0.384983
-1.22128 -0.0088483 -0.379243
-1.21537 -0.00604321 -0.335747
-1.23644 -0.0198694 -0.339361
-1.17294 -0.000453486 -0.322798
-1.19129 -0.0165672 -0.317241
-0.190558 0.00548723 -0.330629
-1.22711 -0.0101878 -0.236778
-1.2382 -0.0255312 -0.223743
-0.0654863 0.197609 0.00795686
-1.14476 -0.0328435 0.0597835
-1.10228 -0.00972809 0.0706506
-1.12433 -0.0234986 0.0729667
-0.235135 0.0361176 0.0861119
-0.24861 0.00818536 0.0953034
-0.0368075 -0.0499634 0.118835
-0.0449683 -0.037019 0.139156
-0.967745 -0.0525156 0.45709
-0.950672 -0.0143764 0.479165
-1.2588 0.253621 -1.34378
-0.751749 0.242605 -1.391
-0.379199 0.232402 -1.44422
-0.248042 0.230625 -1.44336
-0.128687 0.212871 -1.48529
0.479794 0.218331 -1.51777
0.51188 0.228187 -1.50471
0.890469 0.289747 -1.45244
1.05875 0.224378 -1.5661
1.17215 0.244177 -1.54766
1.20162 0.236959 -1.56043
-0.37462 0.218101 -1.39409
-0.24179 0.251723 -1.36078
0.938251 0.230195 -1.49082
-1.21681 0.229833 -1.24005
-1.30421 0.277512 -1.13345
-0.259296 0.227908 -1.30571
0.0525223 0.209026 -1.3622
0.216273 0.222251 -1.35591
0.665808 0.201064 -1.41183
0.823847 0.207297 -1.41551
-0.078746 0.20465 -1.32112
0.513994 0.211092 -1.36824
0.831055 0.1969 -1.38161
-0.0199532 0.181939 -1.30366
0.0397125 0.187305 -1.30367
0.136085 0.142423 -1.3713
0.193795 0.210661 -1.28296
-0.307687 -1.11675 -2.45106
-0.395433 -1.71695 -3.1136
-1.21227 -0.00375092 -0.407572
-1.2183 0.00357773 -0.320074
-0.494146 0.0359666 -0.272445
0.348809 -0.00209817 -0.310024
-0.507191 -0.00715171 -0.250245
0.36339 0.0134498 -0.289396
-0.50998 -0.030703 -0.245742
-0.363671 -0.00362481 -0.192582
0.0415752 0.0181955 -0.178561
-0.0434564 0.00704796 -0.0453195
-0.18045 0.114375 0.0367589
-0.201637 -0.0636024 -0.050099
-0.116922 -0.0070352 0.0194385
-0.224912 0.00684208 0.0523859
-0.199204 -0.106491 -0.01129
-0.233416 0.0278709 0.128781
0.327649 -0.0213214 0.111929
-0.50284 -0.0162148 0.175876
-0.351954 0.00541378 0.179004
0.464243 -0.00878413 0.174445
-0.359562 -0.0392271 0.223068
-0.356309 -0.0134108 0.287602
0.333475 -0.0645756 0.315906
0.338723 -0.0185626 0.331343
-0.94347 0.00598454 0.48492
-1.21965 0.218283 -1.25008
-1.37963 0.180664 -1.25481
-0.253015 0.226007 -1.29584
0.0489003 0.17261 -1.40073
0.212841 0.254833 -1.29931
0.403854 0.198002 -1.39462
-0.0810696 0.247489 -1.24391
-0.356984 0.195114 -1.26787
0.048402 1.28868 0.190024
-0.504722 -0.00581365 -0.450591
-0.0134009 0.010283 -0.030867
0.00831362 -0.035055 0.0610303
0.136049 -0.115046 0.00757783
0.0122761 -0.0719789 0.0977309
0.112915 -0.535031 -2.00247
1.27844 0.0454569 -1.39207
-0.294422 -1.60843 -3.06715
1.39614 -0.16481 -1.50597
1.03194 -0.0785384 -1.14442
1.13196 -0.0390035 -0.981231
-0.461497 0.00484904 -0.455501
-0.511092 -0.114804 -0.446465
0.478096 -0.0171804 -0.439416
-0.230103 0.0122473 -0.0788843
-0.328331 -0.00916941 0.0433911
-0.21255 0.0942643 0.135306
-0.141792 -0.110756 0.137921
0.0203104 0.270267 -1.66861
0.920876 0.255293 -1.78011
0.794298 0.261213 -1.74603
0.822769 0.25583 -1.75706
1.05002 0.2493 -1.79062
-1.50983 0.257682 -1.49632
1.06668 0.260188 -1.76294
-1.3353 0.27559 -1.46996
-1.20924 0.268953 -1.49384
-1.08968 0.265392 -1.50213
-0.963733 0.264155 -1.51912
-0.830689 0.260945 -1.52818
-0.704754 0.246797 -1.55221
-0.582845 0.260302 -1.5438
-0.459144 0.238163 -1.59544
-0.329987 0.25268 -1.5727
-0.0774701 0.256323 -1.59384
0.135815 0.267431 -1.57748
0.0694059 0.216755 -1.63335
0.0926669 0.218711 -1.632
0.126892 0.246438 -1.58929
0.157215 0.244348 -1.59617
0.130834 0.255134 -1.5458
0.802267 0.226851 -1.63671
-1.14731 0.251541 -1.38507
-1.60164 0.187903 -1.42416
-1.4831 0.26877 -1.31561
-1.1428 0.236189 -1.37803
-0.626764 0.239078 -1.41008
-0.502273 0.232982 -1.43196
-1.57564 0.196388 -1.26835
-1.51837 0.24603 -1.1934
1.06131 0.230684 -1.34931
-1.71141 0.0785201 -1.17374
-1.5765 0.00986244 -0.815554
-1.55468 0.0133778 -0.789342
-1.57876 -0.000195435 -0.794436
-1.56249 -0.00957369 -0.798169
-1.49075 0.000952597 -0.792347
-1.59085 -0.0195638 -0.774826
-1.56698 -0.00910555 -0.767124
-1.42317 -0.00128778 -0.664522
-1.58125 -0.0148997 -0.649317
-1.29185 0.00322854 -0.640167
-1.42066 -0.00276567 -0.563291
-1.45891 -0.0434638 -0.554577
-1.44551 -0.00742749 -0.495348
-1.43717 0.0018569 -0.45465
-1.44424 0.00694643 -0.408304
-1.45235 -0.0117359 -0.397439
-1.43743 -0.00108606 -0.36361
-1.44977 -0.0121495 -0.358541
-1.49034 -0.0394174 -0.371282
-1.47841 -0.046721 -0.345718
-1.33377 -0.0210081 -0.259725
-1.36841 -0.00435186 -0.221294
-1.35656 -0.00686115 -0.224386
-1.28054 -0.0118434 -0.209479
-1.29025 -0.0259814 -0.207354
0.246022 -0.01522 -0.232661
-1.34065 -0.0266269 -0.0248382
-0.719245 -0.0569451 0.2731
-1.01874 0.00479115 0.468986
-1.08048 -0.0568553 0.469894
-1.04206 -0.0255313 0.478416
-1.07089 -0.0680556 0.473483
-0.486346 -0.0059342 0.466437
-1.21372 0.267822 -1.49322
-0.684188 0.315248 -1.4517
-0.57953 0.244916 -1.57561
-0.468965 0.208289 -1.64725
0.0995738 0.201484 -1.65281
0.134457 0.214331 -1.6341
0.152759 0.262847 -1.55662
-1.5552 0.235162 -1.36257
-1.52559 0.243347 -1.35173
-1.14281 0.240769 -1.37645
-0.634664 0.226652 -1.43058
-0.501742 0.245263 -1.41746
-1.53469 0.240409 -1.20487
1.08606 0.197914 -1.39172
1.92001 -0.331377 -1.67902
1.58064 0.0580267 -1.1571
1.09446 0.171895 -0.968802
1.10568 -0.00321261 -1.13322
1.09525 0.17635 -0.933037
1.18276 0.0119232 -0.923086
1.22609 -0.0124651 -0.922479
1.27257 0.0048957 -0.907345
1.2756 -0.040036 -0.889836
-1.42066 -0.00930109 -0.565772
-1.46472 -0.0495048 -0.555516
-1.42992 0.0163694 -0.445068
-1.45258 -0.00750828 -0.42211
-1.46995 -0.03203 -0.41657
-0.087833 0.0352451 -0.312481
-1.26401 0.00722531 -0.23511
-0.184951 0.000356588 -0.320276
-0.132719 0.0007178 -0.322834
-0.0853706 0.0169181 -0.301502
-0.163102 -0.000233856 -0.297556
-1.24227 -0.0040719 -0.208781
-1.25994 -0.0170608 -0.1936
-1.21767 0.00308676 -0.169747
-0.700295 0.0247546 0.200493
-0.712479 -0.0159267 0.218955
-0.177998 0.00126559 0.313521
-0.127761 0.00475399 0.321502
-1.02497 0.00074919 0.484984
-1.132 -0.0664485 0.476506
-1.08576 -0.0400859 0.491277
-0.976882 0.303684 -1.28379
-0.749195 0.265312 -1.36096
-0.614598 0.270079 -1.37262
1.31704 0.0897439 -0.908756
0.0603059 0.00946499 -0.180986
-0.461026 0.177571 0.0588346
0.343711 0.00305554 0.11922
0.809773 -1.01777 -0.204354
-1.00318 -0.00677559 0.485965
-1.82538 -0.0197327 -1.26905
-1.59318 0.00105694 -1.02798
0.00207011 -0.0629824 -0.326526
0.283909 -0.00110244 0.123271
-0.0370784 -0.0784306 0.267263
0.30697 -0.023946 0.270771
0.483013 0.0238243 0.432045
0.778036 0.321816 -1.91998
0.351617 0.326902 -1.85867
0.375427 0.316889 -1.87906
0.479757 0.315671 -1.89093
0.510544 0.3103 -1.9031
0.605334 0.305394 -1.9215
-0.831241 0.326402 -1.7352
0.624299 0.334357 -1.85763
0.767023 0.272422 -1.98583
0.767316 0.31256 -1.91005
0.800314 0.297051 -1.93063
-0.956963 0.291408 -1.76172
-0.824424 0.319633 -1.72408
-0.692024 0.31376 -1.7474
0.608656 0.31748 -1.86256
-0.574207 0.289066 -1.78871
-0.442396 0.304259 -1.76198
0.779413 0.306087 -1.85955
-0.0597341 0.290349 -1.79971
-1.52282 0.32512 -1.58568
-1.40045 0.308814 -1.6262
-1.13396 0.32266 -1.61654
-1.56021 0.299183 -1.6037
-1.53912 0.304102 -1.59811
-1.56059 0.32118 -1.55476
-1.37434 0.322236 -1.5697
-1.25357 0.300839 -1.61942
-0.617528 0.309196 -1.66338
-0.371257 0.26311 -1.76665
-1.13868 0.289586 -1.63845
-0.883661 0.28552 -1.66803
-1.50601 0.310398 -1.55684
0.620464 0.297699 -1.775
-0.622345 0.284584 -1.67178
-0.502395 0.280892 -1.68949
-0.368332 0.27468 -1.71234
-0.246871 0.26155 -1.74483
0.375008 0.250523 -1.80928
0.501805 0.250146 -1.82098
0.507868 0.270014 -1.78717
0.61148 0.282853 -1.77553
0.65087 0.253433 -1.81834
0.639584 0.244217 -1.80782
0.651997 0.24255 -1.81183
-0.116146 0.264376 -1.67789
-0.89154 0.244207 -1.41603
-0.878666 0.251001 -1.38402
-1.69746 0.0103571 -0.639925
-1.70982 0.00063727 -0.633914
-1.65462 -0.0119297 -0.651124
-1.78809 -0.0203032 -0.609196
-1.73601 0.00799377 -0.577951
-1.75464 -0.0508067 -0.634681
-1.66568 -0.0213613 -0.61241
-1.66887 -0.0335078 -0.608574
-1.66804 -0.0122788 -0.578931
-1.74745 -0.000468406 -0.553955
-1.77073 -0.0310076 -0.569417
-1.71687 0.003111 -0.520298
-1.67845 -0.0206453 -0.538733
-1.69956 -0.0378204 -0.530184
-1.68278 -0.0130641 -0.471179
-1.67931 -0.000849831 -0.43001
-0.506996 -0.0112026 -0.484938
-1.59376 -0.0253617 -0.360593
-1.6079 -0.0211816 -0.348196
-1.58801 -0.0066512 -0.312369
-1.5911 -0.0104207 -0.272656
-1.54129 -0.0157404 -0.273983
-1.46954 -0.0197364 -0.255693
-1.47719 -0.052367 -0.269201
-1.47193 -0.0097146 -0.226101
-1.60093 -0.0194991 -0.21969
-1.54351 -0.00869126 -0.201504
-1.55176 -0.00592771 -0.186702
-1.46668 -0.00390882 -0.191699
-1.60071 -0.0212892 -0.181964
-1.4761 -0.00493812 -0.171311
-1.6083 -0.0240132 -0.170253
-1.55039 -0.017944 -0.168911
-1.45596 0.00594843 -0.157533
-1.49384 -0.0255776 -0.173031
-1.4688 -0.00997652 -0.149838
0.500091 0.01871 -0.248659
-1.48357 -0.0117501 -0.118781
-1.50379 -0.0366128 -0.10475
-1.49438 -0.000863436 -0.0678213
-1.48198 -0.0165777 -0.0806011
-1.50483 -0.0240981 -0.0660044
-1.49707 -0.0310498 -0.0653857
-0.0620663 -0.0495998 -0.164786
-1.49691 -0.0163935 -0.0308736
-1.52325 -0.033723 -0.0281269
-1.51344 -0.0254017 -0.011447
-0.119884 0.0050012 -0.0860178
-1.4973 -0.0264347 -0.00664874
0.308811 -0.0103164 -0.103197
0.323599 0.000803308 -0.0856547
-1.49341 -0.0180629 0.0327098
-1.4924 -0.0301883 0.0247525
-0.046327 -0.00513494 -0.0515873
0.114684 0.00496185 -0.050717
-1.49802 -0.0258986 0.0671642
-1.50917 -0.0494322 0.0642511
-1.34938 -0.0150354 0.0876198
-0.0939601 -0.00537005 0.0303217
-1.34367 -0.00507117 0.158867
-1.36291 -0.0127873 0.165669
-0.326468 0.00144021 0.184987
-1.3839 -0.0169719 0.24936
-1.41423 -0.0221276 0.257791
-1.36562 -0.00400889 0.274504
-1.3946 -0.0429681 0.261158
0.140368 -0.00676218 0.314137
0.144733 -0.0110234 0.321113
0.133336 -0.0139732 0.323908
-1.30714 -0.0496161 0.558618
-0.0290998 1.22711 -0.150409
0.786827 0.302644 -1.87797
-1.51933 0.325897 -1.56845
-1.57245 0.298007 -1.59104
-0.876992 0.291322 -1.66492
-1.51638 0.296465 -1.57257
-0.369361 0.284731 -1.69754
-0.244128 0.251367 -1.76942
0.380188 0.261691 -1.78684
0.523589 0.233002 -1.84657
0.79092 0.261264 -1.82312
0.948433 0.222001 -1.9045
0.62803 0.263206 -1.78143
0.802595 0.241971 -1.77817
-0.968173 0.244167 -1.54924
0.809072 0.216517 -1.70975
0.800395 0.244909 -1.61269
-0.875795 0.252254 -1.38727
-1.72878 0.0599291 -1.18422
-1.69914 0.00444219 -0.645219
-1.15669 0.00621149 -0.589779
-1.7512 -0.0448624 -0.578926
-1.68015 -0.0168631 -0.537734
-2.10592 -1.80801 -2.24314
-1.67111 0.00715395 -0.426182
-1.07795 -0.00196272 -0.383468
-1.10218 -0.0010802 -0.324548
-1.57693 0.0122316 -0.239803
-1.48864 -0.0221783 -0.180565
0.156147 0.149043 -0.0829277
-1.48948 -0.0205036 -0.0789612
-1.49519 -0.00769045 -0.057772
-0.116439 -0.0160901 -0.158941
-0.167963 -0.0232167 -0.149527
-0.0873901 -0.0164397 -0.148882
-0.712341 -0.0057206 -0.0865047
-1.47898 -0.000630432 0.00517327
-1.49621 -0.0171875 0.0304837
-1.37924 -0.00906188 0.264169
0.157157 -0.0251102 0.283278
-0.492196 0.0216547 0.371993
0.150708 -0.0102605 0.323782
0.100902 -0.0145312 0.334044
0.632261 0.30118 -1.72523
-1.59041 0.239409 -1.5324
-1.02727 0.164819 -0.750999
0.377193 -0.048036 -0.253416
0.549101 -0.147426 -0.315485
0.337867 -0.000860257 -0.137318
-0.32727 0.0263696 0.12626
-0.290375 0.0083559 0.158633
-0.31828 0.0589011 0.207622
-0.971046 -0.188237 -0.877408
-1.02635 -0.0830304 -0.692878
0.635424 0.334159 -2.02596
-0.980978 0.331084 -1.99099
0.378406 0.317215 -2.03131
-1.1144 0.360962 -1.91539
-1.07235 0.357537 -1.92131
-0.197156 0.351113 -1.94273
-0.0461462 0.290267 -2.06845
-0.646776 0.334152 -1.95967
-0.522177 0.35439 -1.92087
-0.385621 0.319731 -1.99045
-1.10837 0.335494 -1.93775
-1.05869 0.333548 -1.94065
-1.04102 0.31416 -1.97977
-1.00907 0.303531 -2.0017
-1.21281 0.370014 -1.85184
-1.04557 0.273664 -2.01669
0.200814 0.286415 -1.9243
-1.30225 0.396938 -1.65465
-1.45492 0.352792 -1.71087
-1.2065 0.334523 -1.74869
-0.554895 1.49958 0.514379
-1.21539 0.304693 -1.76366
-0.313598 0.307135 -1.76654
-1.48526 0.291896 -1.74336
-1.32473 0.325247 -1.68169
-1.08422 0.301923 -1.72853
-0.753704 0.29008 -1.65684
-0.940163 0.0247375 -0.886973
-2.0603 0.0122242 -0.684332
-2.00369 0.0128614 -0.673407
-2.00879 -0.0247096 -0.707912
-2.02352 -0.0120855 -0.683536
-1.86383 0.0168197 -0.646966
-2.03083 -0.0153118 -0.669292
-1.94797 -0.0490034 -0.698374
-2.05225 -0.0412991 -0.679309
-1.8934 -0.00239077 -0.641665
-2.04083 -0.0449115 -0.675066
-1.89921 0.0363043 -0.590257
-1.90634 -0.0330112 -0.655623
-1.92446 -0.0348194 -0.641995
-2.00181 -0.0451607 -0.638745
-1.93271 -0.0250265 -0.595033
-1.90366 0.00805191 -0.544661
-1.93016 -0.0889708 -0.644451
-1.88219 0.0163739 -0.528369
-1.83684 0.0281088 -0.500488
-2.0152 -0.0232559 -0.541193
-1.84844 -0.00434111 -0.525298
-1.84005 -0.00918971 -0.514006
-2.00586 -0.035721 -0.521648
-1.80571 0.0207292 -0.461964
-1.88038 -0.018336 -0.490114
-1.85109 -0.0176048 -0.489865
-1.97869 -0.0227727 -0.485668
-1.82201 -0.0135131 -0.478385
-1.76588 -0.00859585 -0.458587
-1.72693 0.0209961 -0.43277
-1.82473 -0.0139715 -0.455736
-1.8863 0.00997307 -0.423328
-1.91599 -0.059969 -0.489905
-1.79116 0.00931147 -0.409387
-1.78177 -0.02747 -0.436416
-1.74961 -0.0212969 -0.431784
-1.95115 -0.0365083 -0.435006
-1.78556 0.000821446 -0.401974
-1.75119 0.0297535 -0.375651
-1.90789 -0.0149822 -0.408192
-1.81266 0.0189128 -0.378653
-1.85662 -0.0195023 -0.404752
-1.94023 -0.0485137 -0.423365
-1.89067 -0.0230786 -0.400153
-1.74026 -0.00992824 -0.391043
-1.78317 -0.0107394 -0.383576
-1.85121 -0.00971729 -0.372724
-1.84369 -0.0141354 -0.377051
-1.79688 -0.040803 -0.387605
-1.75763 -0.0262839 -0.375259
-1.84919 -0.00478914 -0.346665
-1.7918 0.00375353 -0.338299
-1.80311 -0.0311743 -0.370815
-1.82723 -0.00952773 -0.343503
-1.91203 -0.042644 -0.364226
-1.80538 -0.00704697 -0.333268
-1.94232 -0.0808216 -0.383439
-1.7885 0.0110418 -0.296983
-1.76251 0.0090245 -0.299117
-1.76692 0.00590456 -0.278978
-1.84139 0.0130349 -0.257684
-1.78388 -0.0132566 -0.273163
-1.84802 0.0135092 -0.234554
-1.85863 -0.0200521 -0.249074
-1.78087 -0.0105524 -0.241648
-1.80905 -0.0085122 -0.23208
-1.75972 0.0398994 -0.192433
-1.85055 -0.0239661 -0.238476
-1.76168 0.000230966 -0.218915
-1.76326 0.0172214 -0.191738
-1.75035 0.00048727 -0.204818
-1.78991 0.0201716 -0.181457
-1.82421 0.0141158 -0.179763
-1.76809 -0.0169846 -0.191533
-1.79839 0.0146823 -0.157495
-1.77521 0.00379217 -0.167714
-1.78544 -0.00389971 -0.145847
-1.78972 -0.00311555 -0.11705
-1.787 4.65422e-005 -0.0905432
-1.76132 -0.00472942 -0.0878286
-1.79272 -0.008439 -0.0828116
-1.79229 -0.00503884 -0.0604813
-1.76747 -0.010132 -0.0582558
0.382745 -0.0778938 -0.12394
0.161102 -0.0250971 -0.0222988
-1.50833 -0.0102291 0.196525
-1.50022 -0.0158503 0.198217
-1.51268 -0.0125621 0.212584
-1.50518 0.00531562 0.238947
-1.32693 0.248932 0.478747
-0.358648 -0.0128318 0.307238
-0.3575 -0.0100598 0.325251
-1.32637 0.20326 0.477973
-1.30971 0.216207 0.494651
-1.27452 0.289016 0.549474
-1.27777 0.298238 0.559371
-1.28131 0.22814 0.532497
-1.2744 0.279614 0.569386
-1.32281 0.135247 0.503209
-1.29695 0.139701 0.519205
-1.28896 0.12525 0.520418
-1.2716 0.195712 0.561247
-1.27849 0.138501 0.558269
-1.28316 0.276432 0.654917
-1.27812 0.260358 0.646606
-1.29064 0.256249 0.656921
-1.28962 0.215519 0.657035
-1.28462 0.206303 0.660351
-1.28614 0.176384 0.653917
-1.29316 0.188596 0.663855
-1.28893 0.163594 0.660067
-1.2968 0.136724 0.668158
-1.2906 0.13129 0.669417
-1.34467 0.11063 0.733096
-1.33248 0.0852696 0.726643
-1.32618 0.071587 0.72848
-1.33266 0.0775739 0.735138
-1.32733 0.0670357 0.730538
-1.36098 0.0788396 0.743848
-1.33481 0.0352679 0.72539
-1.36477 0.0397205 0.736715
-1.34522 0.017888 0.72658
-1.35371 0.0352697 0.73781
-1.36026 0.0343389 0.741629
-1.35961 0.00503825 0.728947
0.356999 0.343153 -1.98266
0.471919 0.341125 -1.98811
0.579379 0.383355 -1.90506
-0.52152 1.42768 0.28665
-0.193547 0.336594 -1.96625
-0.380456 1.50068 0.445386
-0.652723 0.31425 -1.97725
0.208215 0.268588 -1.9536
-0.582865 0.250561 -1.9461
-1.3316 0.336341 -1.74947
-1.23976 0.285172 -1.8476
-1.06804 0.369364 -1.69187
-0.717382 0.270247 -1.88166
-0.570268 0.280081 -1.80558
-1.19852 0.328954 -1.68698
-1.07579 0.324616 -1.6927
-1.37413 0.254311 -1.79297
1.0102 0.31111 -1.68167
-1.36617 0.333531 -1.5405
0.678937 0.179424 -1.44216
0.40261 0.218049 -1.35859
0.558808 -0.153137 -0.16268
0.368757 -0.0256893 0.0342966
-0.141466 -0.330193 -0.10463
0.356231 0.0207219 0.128672
-1.30622 0.276693 0.49691
-1.28955 0.263131 0.532727
-1.27815 0.278124 0.566827
-1.31107 0.16982 0.508886
-1.31573 0.126944 0.519973
-1.30688 0.116551 0.532343
-1.27493 0.0628691 0.583492
-1.2578 0.0692301 0.602139
-0.615865 0.345448 0.730609
-0.748606 -0.20701 0.527968
-1.35177 0.101159 0.726518
-1.33825 0.0533691 0.72411
-1.3621 0.062105 0.736823
-1.3254 0.00948128 0.720701
-1.35161 -0.00799463 0.729027
-0.845343 -0.623265 0.493263
-1.29844 0.381993 -1.65022
-1.15603 0.427913 -1.56249
-1.09675 0.305594 -1.80461
-0.718545 0.243665 -1.92072
-0.431997 0.394611 -1.58429
-0.31293 0.304345 -1.75931
-0.370211 0.237979 -1.77195
-1.3698 0.314496 -1.5633
0.0581556 0.327422 -1.44883
0.0242283 0.153781 -1.59449
1.4449 0.0293003 -1.49708
1.51587 0.0867758 -1.3726
-1.51723 0.21283 -0.303194
0.705277 -0.57878 -0.300793
-1.31091 0.238633 0.513943
-1.3454 0.0901428 0.489529
-1.28666 0.142392 0.546719
-1.32856 0.0132634 0.520889
-1.27851 0.0518497 0.573721
-1.32521 -0.0558722 0.562116
-1.30413 -0.0411369 0.607071
0.0591676 0.154616 -1.16931
-0.0312491 0.0494313 -1.23845
-0.123972 -0.117586 -1.39117
-0.146952 -0.0405663 0.20647
-0.0224161 -0.129733 0.190716
-1.32786 0.217387 0.469082
-1.33194 0.086814 0.499876
-1.29607 0.041123 0.549468
-0.184356 0.577092 -2.06929
-0.144276 0.592899 -2.0049
-0.542939 0.559228 -1.99642
-0.4864 0.51476 -2.08394
-0.534529 0.521734 -2.05621
-0.695908 0.541114 -1.98334
-0.72642 0.552373 -1.93861
-1.71483 0.670635 -1.66473
-0.628964 0.520704 -1.93847
-1.77661 0.654888 -1.67454
-1.73791 0.652471 -1.67791
-1.73558 0.638686 -1.69652
-1.77731 0.627703 -1.70961
-1.73075 0.613078 -1.72438
-1.78297 0.619495 -1.697
-0.322699 0.345366 -2.1064
-0.315476 0.314325 -2.12329
1.16567 0.266678 -1.8369
-1.01165 0.275312 -1.6732
-2.09055 -0.0101637 -0.572572
-4.98897 -3.08231 -3.87536
-2.03846 -0.00279656 -0.474764
-2.0082 -0.00363124 -0.432181
-8.13078 -6.46586 -7.30787
-2.01633 -0.0122039 -0.415836
-1.99578 -0.00364176 -0.390035
-1.98067 -0.00408921 -0.381925
-11.8305 -10.7282 -11.2987
0.355597 0.0223629 -0.224215
-1.96492 -0.00559118 -0.278404
-3.88561 -2.15176 -2.41567
0.526489 -0.0500653 -0.26273
-1.94558 -0.00847559 -0.257522
-1.91924 -0.0096525 -0.235085
-1.91941 0.0010729 -0.194499
-1.89208 -0.000834217 -0.180976
-0.0630657 -0.0152333 -0.158231
0.460579 0.126404 -0.0166424
-1.87289 0.00797375 -0.157743
-0.0415305 -0.0207689 -0.155716
-1.86387 0.0376541 -0.115592
-1.87187 -0.00554787 -0.155431
-6.68394 -5.44904 -5.2357
-5.81949 -4.65236 -4.39245
0.236662 -0.037011 -0.116716
0.194454 -0.0220903 -0.0973274
-5.59224 -4.32037 -4.04336
-7.534 -6.74076 -6.21472
-1.86702 0.00570689 -0.0802054
0.210024 -0.0427587 -0.0939987
-8.09623 -7.26611 -6.62554
-4.12306 -2.6773 -2.33577
-1.80153 0.0218289 0.0171056
-7.15562 -6.24611 -5.33487
-1.79233 -0.00378775 0.015442
-0.0887689 -0.00521551 0.034839
-6.65319 -5.84628 -4.94076
-1.78556 0.0145987 0.0375836
-6.26639 -5.2477 -4.40869
-5.99709 -5.02502 -4.15137
0.557535 -0.143819 -0.000817996
0.126337 0.00825024 0.123748
0.161046 -0.0498284 0.0772556
0.351614 0.035124 0.218292
0.477052 0.075857 0.273031
0.143356 -0.110178 0.135276
0.117982 0.0236171 0.247223
0.100773 -0.0286609 0.242854
0.0895017 -0.0323438 0.251198
0.0848377 -0.0415236 0.255854
-0.167649 0.02396 0.312805
0.526487 -0.0629618 0.288734
0.555506 -0.140948 0.335157
-1.33117 0.295822 0.764074
-1.36434 0.185564 0.72131
-1.36999 0.189226 0.736733
-1.38466 0.137737 0.706733
-1.37409 0.159901 0.732502
-1.45463 0.0211862 0.74559
-1.46912 0.00981046 0.745538
-0.650732 0.171533 0.831957
-0.696247 -0.031643 0.831816
-0.535262 0.539886 -2.00114
-0.691267 0.529938 -1.96526
-1.85384 0.659668 -1.69442
-1.75002 0.641726 -1.73286
-0.798495 0.443606 -2.14684
-1.88958 0.633442 -1.69419
-1.72345 0.62002 -1.71627
-0.923038 0.540962 -1.85244
-1.83744 0.634973 -1.62183
-1.83054 0.61658 -1.66485
-0.982841 0.340338 -1.97904
-1.2313 0.24437 -1.53214
-1.12261 0.257083 -1.33967
-2.90607 -1.37305 -1.80828
-0.0316963 -0.0074267 -0.0493568
-1.81684 -0.0652697 -0.0396842
-1.76445 0.00185331 0.0438491
-0.159565 -0.0815099 0.145554
-1.33082 0.287628 0.719598
-1.37368 0.216669 0.728194
-1.83796 0.641113 -1.68917
1.49038 0.024596 -2.70062
0.47747 0.329906 -1.9866
1.63469 -0.0792756 -2.84405
0.657871 0.215566 -2.09108
0.421159 0.489642 -1.32915
0.624832 0.271771 -1.77299
