532
0.342793 -0.0206972 -0.0721214
-0.158411 0.0271372 0.324293
0.253654 -0.00588284 -0.217443
-0.0357264 -0.029915 0.188505
0.318092 -0.0210672 0.185082
-0.0357369 -0.0130078 -0.126942
-0.0647092 -0.0216867 0.0569218
1.51896 0.355172 0.322285
0.690135 0.0169929 -0.911155
0.359761 -0.00366707 -0.315558
0.513893 0.012136 -0.468826
-0.114879 -0.02299 -0.0160388
-0.347423 -0.0233688 0.321106
0.0182173 -0.0718247 0.046534
0.346984 -0.0137834 0.333273
0.160348 -0.0267074 -0.0437459
-0.108963 -0.0169569 -0.1376
0.500806 0.0105516 0.492045
-0.17965 -0.0115651 -0.321035
0.0394108 -0.0155021 -0.191129
-0.507561 -0.0189273 0.478017
-0.697396 -0.0453302 1.04108
-0.100492 -0.0254548 -0.296772
0.103688 -0.0242739 -0.038402
-0.043447 -0.0436846 -0.0523741
0.0944077 -0.025405 0.321967
-0.157218 -0.010533 -0.124043
1.1427 0.355413 -0.0230164
-0.111998 -0.022434 -0.0885256
1.50218 0.377576 -0.0307918
0.148352 -0.020352 0.32568
-0.140186 -0.0255203 0.321273
0.236333 -0.0657328 0.0586689
-0.293113 -0.0218693 -0.0831366
-0.181061 -0.0246629 -0.0721037
1.50477 0.378068 0.0924807
-0.329594 -0.0189202 0.183592
1.50868 0.374588 0.198758
0.0468052 -0.0266651 0.257597
1.48167 0.38708 0.0697947
1.3896 0.366198 0.212297
1.1577 0.378973 0.338214
1.38807 0.372228 0.0839904
1.29518 0.338852 -0.0234135
1.23884 0.38756 0.0783639
1.1792 0.326261 0.106131
1.25808 0.375042 0.222143
1.1816 0.320168 0.235711
1.27968 0.375884 0.200539
1.3719 0.373422 0.319618
1.37496 0.361308 0.228617
1.40549 0.382543 0.071151
1.24903 0.361784 0.235116
1.359 0.381998 0.199195
1.42178 0.365451 0.226867
1.13137 0.360732 0.211233
1.40773 0.37734 -0.0143911
1.24468 0.367782 0.32825
1.41197 0.366294 0.102182
1.41844 0.367404 0.319331
1.41138 0.37681 0.193066
1.27569 0.385474 0.0793993
1.3613 0.385584 0.0700235
1.1273 0.0895372 -0.0256716
1.41801 0.360639 0.329536
1.29125 0.364896 0.102506
1.23934 0.376664 0.0451496
0.303525 -0.00564588 0.105425
0.321735 -0.0182138 0.122374
1.30405 0.373484 0.327526
1.11696 0.303478 0.333947
-0.677551 -0.004673 -0.863629
0.625651 0.0172014 -0.852417
-0.472186 -0.020867 -0.452704
1.16478 0.378029 -0.0122066
1.39179 0.370114 -0.00884982
1.17758 0.312746 0.0645552
1.48539 0.352895 0.0904205
0.14592 -0.139983 -0.0320998
1.13329 0.1228 0.0924595
1.50029 0.235518 0.306782
1.29566 0.0379557 0.280682
1.45173 0.142935 0.319662
-0.0312905 -0.0305543 0.26841
0.122392 -0.0109786 0.276085
0.269907 -0.00751952 0.285395
0.458363 0.00180505 0.447883
-0.464772 -0.028592 0.452017
0.643078 -0.0231682 1.03027
-0.675782 -0.0279832 0.993841
0.690766 0.0226997 -0.90469
-0.49684 -0.0102381 -0.482398
0.514445 0.00415602 -0.464742
-0.345013 -0.0157009 -0.326151
-0.1901 -0.00980456 -0.318443
-0.115679 -0.0142583 -0.321929
0.354221 0.00384732 -0.304248
-0.102281 -0.0167019 -0.277332
1.49765 0.373598 -0.038465
0.229818 -0.00722227 -0.225748
1.25312 0.364108 -0.0323068
1.26909 0.372542 -0.0282297
1.38255 0.371237 -0.0280131
1.14209 0.37266 -0.0178195
0.0477149 -0.0122966 -0.188209
1.13992 0.228796 -0.0295823
1.15961 0.295902 -0.00135335
1.5061 0.373459 0.0433213
-0.094027 -0.0150944 -0.150833
-0.15641 -0.00449236 -0.136388
-0.0554392 -0.014518 -0.136612
1.22309 0.383903 0.0684655
0.353359 -0.0043354 -0.10865
1.49535 0.379177 0.0818958
1.12015 0.105199 -0.0177411
-0.259584 -0.0224981 -0.0893609
-0.110682 -0.0202732 -0.0849046
1.42257 0.360381 0.1119
1.28697 0.371184 0.122073
-0.197915 -0.037914 -0.0657255
1.12082 0.235411 0.0778036
1.12233 0.286575 0.0990122
-0.0334318 -0.0159423 -0.0402471
1.2891 0.372382 0.192304
1.13976 0.0462713 0.082996
1.14454 0.311289 0.187863
1.37363 0.363933 0.236386
1.40239 0.393401 0.247901
0.238309 -0.018039 0.0752624
1.29482 0.358645 0.243368
0.00865224 -0.0261306 0.0799045
1.13952 0.178042 0.185805
1.36616 0.373685 0.314549
1.29034 0.373988 0.325483
0.308313 -0.0152696 0.173439
1.17236 0.360568 0.330074
-0.0292907 -0.0235666 0.184447
0.0933294 -0.0261549 0.240811
0.0696215 -0.0407881 0.263628
-0.169087 -0.0127692 0.286808
0.0875082 -0.0243658 0.318407
0.162118 -0.0220244 0.322627
0.337416 -0.0213855 0.326818
-0.337759 -0.0233627 0.317662
-0.184253 -0.0239729 0.322324
0.496268 0.00516979 0.481559
-0.503081 -0.015652 0.472018
-0.698312 -0.0433692 1.02996
0.488839 0.0110529 -0.436422
-0.195807 -0.0191717 -0.320248
-0.0716156 -0.0161231 -0.318573
0.348838 0.00663595 -0.299311
-0.0775138 -0.00765649 -0.11366
-0.203818 -0.0206672 -0.0969997
-0.236693 -0.236235 -0.00370298
-0.328113 -0.0127078 0.0909517
-0.259702 -0.016613 0.123968
-0.701435 -0.00069204 -0.925607
1.25005 0.373118 -0.0245349
1.26779 0.374446 -0.0248245
1.13589 0.368856 -0.0169247
-0.117563 -0.0144866 -0.00896213
-0.163416 -0.0191975 0.0271752
1.14295 0.152721 0.0688905
1.55206 0.266057 0.14293
1.52428 0.313299 0.295116
-1.27986 -0.0729577 0.953802
-1.28041 -0.0763601 1.14352
-0.695118 0.00288135 -0.909748
1.26592 0.366188 -0.017952
1.50642 0.372708 0.214178
1.5263 0.324611 0.313453
-0.347159 -0.0305704 0.321409
1.15742 0.00664863 0.328076
-1.26672 -0.0289339 0.946819
-0.0864371 -0.026032 0.312318
-1.28681 -0.0838053 0.919487
-0.433991 0.0123556 0.385515
0.241076 -0.00527146 -0.242863
0.250205 -0.0139383 -0.217515
1.15442 0.29089 -0.0285655
1.14807 0.341589 0.000893765
1.1381 0.229602 -0.0234527
1.13416 0.35662 0.0452613
1.14213 0.271854 0.023034
-0.0664784 -0.0182961 0.0635514
-0.0665986 -0.0260829 0.073504
1.14314 0.245933 0.279601
-1.16683 0.268138 -0.94019
-1.33552 -0.140103 -0.790622
1.13891 0.368996 -0.0160517
1.13872 0.23683 -0.0162804
0.11027 -0.034038 -0.01342
-0.264758 0.00512134 0.151865
-1.3634 -0.24005 0.297365
-1.29877 -0.105902 0.656119
-1.30978 -0.145741 1.07883
-1.13953 0.325768 -0.914852
-1.60464 -0.758401 -0.616193
-1.31037 -0.109198 -0.0959089
-1.09277 0.392537 0.296231
-1.42344 -0.374657 0.201712
-1.35234 -0.222815 0.396317
-1.17622 0.186378 0.646141
-1.33778 -0.225479 1.20055
-0.661876 -0.0302556 -0.861643
0.612547 0.0178373 -0.854509
-1.58048 -0.689533 -1.02894
0.353849 -0.00614432 -0.0854395
0.340676 -0.015639 -0.0732083
0.353732 -0.0109383 -0.0536048
-0.346624 -0.0272464 0.168958
-0.66266 1.35906 0.0902094
0.516213 0.0119072 -0.468387
-0.120929 0.000169909 -0.317794
-0.178511 -0.0271086 -0.316079
-0.0896632 -0.0180089 -0.310944
-0.102668 -0.0253971 -0.280504
-0.0386693 -0.0139447 -0.131009
0.343339 -0.00433129 -0.114189
-0.266353 -0.0167329 -0.0791151
0.310601 -0.00587816 -0.0793363
-0.191774 -0.0292869 -0.054674
-0.163172 -0.032105 0.0138063
-0.502025 1.71024 0.415403
-1.1875 0.200186 -0.747773
0.49069 0.0146618 -0.440731
-0.0514157 0.000165882 -0.29329
0.33995 -0.0149433 -0.31014
1.19471 0.00257226 0.302305
-0.622382 -0.00752343 -0.887727
-0.40607 0.0101155 -0.427359
1.38709 0.349703 0.0318059
1.48994 0.35513 0.041797
1.13984 0.323184 0.0756197
1.22174 0.0988414 0.293329
0.443171 0.00677608 0.360414
0.601054 0.0170979 1.00151
-0.504953 -0.0143004 -0.490488
-0.521775 -0.0182361 -0.473041
1.47873 0.381761 0.067831
1.5204 0.354954 0.293521
1.51887 0.357717 0.320986
-0.276652 -0.0103652 0.169484
-0.343484 -0.0237212 0.167608
-0.307045 -0.0299924 0.182552
1.52757 0.00401627 0.316889
0.691411 0.00914636 -0.901551
1.50692 0.364977 -0.0292201
1.52524 0.340333 -0.011938
1.5051 0.372124 0.0854672
1.42608 0.36188 0.112212
1.34908 0.376129 0.178197
1.13891 0.0599425 0.0937438
1.14226 0.309225 0.26534
1.35065 0.364798 0.310416
1.43272 0.370029 0.31453
1.22903 0.368136 0.326728
1.51443 0.347825 0.317038
1.18566 0.363568 0.339268
1.1405 0.323017 0.326417
1.16018 0.346761 0.3428
0.259144 -0.0272645 0.0891065
-0.037114 -0.0229359 0.181141
0.0977996 -0.0140275 0.241938
1.52683 0.0195928 0.31257
0.0646477 -0.0285792 0.267705
0.33528 -0.00443893 0.323284
-0.336738 -0.0227119 0.316911
-0.188317 -0.0240252 0.320161
-0.116558 -0.0216513 0.322239
0.0789172 -0.0239824 0.32543
0.496437 0.0072443 0.491065
-0.693741 -0.0426798 1.03965
-1.28814 -0.0292903 -0.398211
-0.0717151 0.00240922 -0.116217
-0.167137 -0.0700492 -0.0926198
-1.27169 -0.0324806 0.842401
-1.4012 -0.397238 0.908406
-0.265032 0.0345088 0.262547
-0.396843 -0.00898506 0.382565
-0.645381 -0.0218891 0.999918
0.163544 -0.0207195 -0.0409996
0.102788 -0.0237633 -0.0339188
0.154344 -0.0326169 -0.029108
0.0154043 -0.0480155 -0.038636
0.170883 -0.0444328 -0.0166948
1.14397 0.0343717 0.213058
1.11624 0.0442775 0.230908
1.15169 0.00595273 0.235481
1.14739 0.0900864 0.312586
1.1563 0.00429223 0.329977
0.512012 -0.00230417 -0.464651
-0.490098 -0.0113583 -0.483438
-0.341294 -0.0156351 -0.318328
0.0686145 -0.0149031 -0.182154
-0.250642 -0.015716 -0.0807412
-0.197346 -0.0624182 -0.0736238
-0.227886 -0.318093 -0.126775
-0.338092 -0.0376677 0.108549
-0.28999 0.0519281 0.202516
1.16191 0.00215609 0.324212
-1.21081 0.267682 -1.57179
-0.334733 -0.0383566 -0.298585
-0.265284 -0.0180339 -0.278238
1.51638 0.358531 0.32216
-1.24043 0.182495 -1.63621
1.50731 0.371639 0.212255
1.45218 0.36929 0.307276
1.20103 0.367411 0.324675
1.2294 0.370765 0.327554
1.50984 0.343812 0.321938
-1.30313 -0.0741691 -1.05241
0.186276 0.0133514 -0.18963
1.16713 0.0360515 0.3107
-1.24911 0.0544631 0.350502
-1.3086 -0.175664 1.43823
0.663653 -0.0303087 -0.814473
1.14698 0.306296 0.034
1.30527 0.320102 0.0330578
1.48439 0.301213 0.308704
1.30647 0.0861357 0.314306
1.43459 0.160739 0.370929
-0.618949 -0.0132309 1.00945
0.620627 0.0249506 1.0027
3.90647 0.141297 -2.33698
3.72691 0.0542555 -2.29986
4.01779 0.0329522 -2.32995
0.347884 0.0204566 -0.0697492
0.342246 -0.00959319 0.329602
-1.2581 -0.000765304 0.863845
-1.29772 -0.0992864 1.73968
-1.26583 -0.106248 1.73484
3.99803 0.0489964 -2.31277
-1.32607 -0.130111 -0.841883
-0.0162075 -0.00390797 -0.017836
0.255422 -0.0245933 0.0826891
0.332288 -0.0133336 0.0913394
0.294284 -0.0224816 0.136846
-0.037677 -0.0317701 0.16986
0.108517 -0.0103299 0.234959
-0.141749 0.00173869 0.277366
0.0508026 -0.0217156 0.2476
-0.214237 -0.0311052 0.303668
-0.10755 -0.0510835 0.282178
0.0730204 -0.0134426 0.33063
0.1645 -0.0208718 0.322433
-1.35369 -0.145819 -2.61284
3.36191 0.544386 -1.77157
-1.46945 -0.378588 -2.80976
-1.29419 -0.0124091 -1.93117
0.135435 -0.013841 0.0364162
-1.27129 -0.0250261 0.846332
-1.17755 0.198012 1.20051
1.12288 0.227327 -0.025545
1.16002 0.272323 0.10331
1.52154 0.0124997 0.313028
-1.28798 -0.105865 1.83465
-1.39856 -0.0988584 1.85716
-1.28604 -0.0947906 1.85768
-1.37605 -0.0905589 1.86998
-1.31072 -0.106614 1.86002
-1.26218 -0.0791572 1.87435
-1.29078 -0.102931 1.87016
-0.906032 -0.087789 1.87289
1.4597 -0.0609185 1.91239
-1.90499 -0.370255 1.81671
1.46364 -0.0608831 1.93002
-1.42732 -0.310764 1.8508
1.43576 -0.0550995 1.94002
-1.92642 -0.408398 1.81335
-1.6492 -0.343689 1.84229
-1.28285 -0.303694 1.85975
-1.23409 -0.301412 1.85972
-1.14675 -0.293469 1.86306
-1.02686 -0.266223 1.87656
-0.994355 -0.253146 1.88348
-1.38169 -0.309168 1.86706
-1.19817 -0.312888 1.86248
-1.10454 -0.291564 1.87271
-1.05881 -0.267783 1.88381
-0.930263 -0.275285 1.87892
-0.913469 -0.271089 1.8809
-0.880688 -0.269593 1.88082
-1.23163 -0.306857 1.87396
-0.779742 -0.271244 1.88615
-1.14277 -0.319855 1.87453
-0.941598 -0.30508 1.8803
-0.925766 -0.30055 1.88181
-0.635719 -0.257701 1.90018
-0.583487 -0.270802 1.89395
-0.554105 -0.282854 1.88675
-0.505495 -0.277192 1.88979
-0.468316 -0.281042 1.88717
-1.63821 -0.401366 1.84646
-1.47429 -0.385694 1.85329
-1.44453 -0.386865 1.85185
-0.532113 -0.295657 1.88786
-0.42097 -0.296021 1.88632
-0.299717 -0.273225 1.89643
-0.926072 -0.314409 1.89017
-1.44205 -0.411108 1.85611
-1.33944 -0.370415 1.87471
-1.26264 -0.371975 1.87366
-1.15774 -0.362142 1.87796
-1.13175 -0.379743 1.8678
-0.73551 -0.342034 1.8833
-0.711071 -0.335275 1.88577
-0.333201 -0.305524 1.89699
-1.08185 -0.383286 1.87507
-0.967824 -0.36575 1.88081
-1.57905 -0.483516 1.83746
-1.43207 -0.432788 1.86147
-1.38963 -0.426615 1.86423
-1.70986 -0.503618 1.83583
-1.17017 -0.416441 1.87492
-0.661968 -0.356559 1.89707
-1.4979 -0.452964 1.86772
-0.620573 -0.387841 1.88974
-0.577524 -0.37313 1.89671
-0.538883 -0.372017 1.89689
-0.500009 -0.384417 1.89078
-0.46776 -0.374982 1.89401
1.51635 0.00849486 0.317835
-2.66572 -3.55108 -3.05738
0.477513 0.0076624 0.469458
-2.6504 -3.50755 -2.85297
-1.32984 -0.212708 1.1352
-1.59599 -0.858015 0.760087
-0.928781 0.805697 2.07825
-1.2813 -0.10312 1.70335
-1.22935 -0.0722175 1.75126
-1.28468 -0.0889355 1.84936
-1.9189 -0.393838 1.80814
-1.64405 -0.34884 1.84558
-1.43315 -0.324425 1.85323
-1.2284 -0.316749 1.85611
-0.878541 -0.24213 1.89429
-1.40207 -0.338974 1.86249
-1.31643 -0.32103 1.87071
-0.773448 -0.259405 1.89488
-1.64155 -0.398388 1.85307
-1.23674 -0.364243 1.86555
-1.05495 -0.353277 1.87274
-1.50381 -0.42024 1.85538
-1.57324 -0.476528 1.84342
-1.45492 -0.427155 1.86851
-1.39305 -0.428992 1.8675
-0.797912 -0.350122 1.90047
-0.895434 -0.421581 1.88741
0.468174 0.0281529 0.452166
-0.79206 1.19793 1.74962
-2.61462 -3.50607 -1.40727
-2.56148 -3.35438 -0.809928
-2.5907 -3.50864 -0.605913
-1.17773 -0.0519796 1.73479
-1.69786 -0.30887 1.84406
-1.42514 -0.337502 1.85881
-1.55626 -0.367662 1.87347
-1.50784 -0.415937 1.85122
-0.976136 -0.304484 1.90207
-0.752508 -0.295967 1.90469
0.567613 0.07472 -0.680511
0.619379 0.0317047 1.00708
0.655702 -0.0117707 1.05558
-1.65728 -0.144221 1.9253
-1.76683 -0.386338 1.88148
-1.88022 -0.536731 1.80968
0.280393 -0.0278488 0.10543
-0.309023 -0.273264 1.89882
-0.375474 -0.278518 1.91385
-0.408727 -0.301618 1.93879
-2.04262 -0.517796 1.78476
-0.502711 0.0696627 -0.671704
-0.641657 0.0137819 0.993375
-0.0699566 -0.118312 1.85121
1.00853 -0.148608 1.87483
-0.155796 -0.084129 1.89395
-1.84466 -0.312891 1.82719
0.0654788 -0.038901 0.306635
-0.579147 -0.27514 1.89614
-0.0627825 -0.0312585 0.0101127
0.292014 -0.0721498 0.19227
0.440322 0.0295907 0.437652
-1.2708 -0.0748561 1.21499
1.32391 -0.0715288 1.92772
-1.79557 -0.237412 1.84669
-1.87218 -0.256673 1.86678
-1.70092 -0.256514 1.87083
-1.84066 -0.304203 1.84419
-1.20776 0.495375 -4.27969
-1.29957 0.199525 -4.57713
-1.17647 0.6103 -2.9862
-1.12246 0.80201 -2.14461
-1.06152 1.00311 -1.29408
0.283064 -0.00574524 0.144694
1.49975 0.0159605 0.322637
0.17736 -0.0177243 0.321066
-1.00071 -0.262489 1.88148
-0.886972 -0.265345 1.88229
-0.472077 -0.255568 1.89988
-0.299087 -0.289856 1.88393
-0.434211 -0.287172 1.90047
-1.05633 0.798064 0.323255
-1.03181 0.979462 0.933381
-1.34294 -0.326525 0.660806
1.36163 0.179765 0.241999
-1.47707 -0.0146058 1.90635
-1.83093 -0.283067 1.87886
-1.01574 -0.209847 1.93419
-1.65959 -0.30312 1.96163
-1.42745 -0.305275 1.9606
3.40598 -0.110396 1.78633
3.38133 -0.132483 1.80756
-0.779773 -0.299305 1.87384
-1.91694 -0.384242 1.82569
-1.93242 -0.417153 1.82516
-0.0692941 -0.0682611 -0.358495
0.336278 0.00554409 -0.266278
-0.0935273 -0.0385403 0.303632
1.17876 0.00541045 0.322699
-1.89253 -0.374977 1.81533
-0.680091 -0.290953 1.88672
1.15945 0.215025 0.127816
1.16041 0.225501 0.336447
1.15742 -0.0182146 0.31063
1.61927 -0.140506 0.298362
1.17184 -0.0116661 0.324263
0.661317 -0.0200169 1.05516
0.105198 -0.0335749 -0.0303441
1.18271 -0.0156797 0.320665
0.276416 -0.0248886 0.104064
