546
0.352266 -0.00312308 0.324046
-0.0295959 -0.0117142 0.190186
0.511376 -0.00181666 0.482721
-0.0658916 -0.0165233 0.0541606
0.219825 -0.010334 0.0591621
0.100053 -0.00811286 0.321671
-0.179445 -0.00757802 -0.078956
0.143305 -0.0200985 0.319802
0.46751 -0.0112883 0.172437
-0.669322 0.228923 0.565047
-0.690539 0.204561 0.483805
-0.674637 0.221069 0.551123
-0.699171 0.225854 0.455418
-0.680771 0.224056 0.534857
-0.703241 0.224008 0.450284
-0.74757 0.0907701 -1.33909
0.117612 0.0522695 -1.27895
0.0653408 0.0426132 -1.25656
-0.00189323 -0.0828691 -1.41509
0.0655404 -0.00176151 -1.29817
-0.630104 0.0368861 -1.28471
0.0501643 0.00066918 -1.2883
-0.608071 0.0351218 -1.26989
-0.00891005 -0.110455 -1.41864
-0.573372 -0.00162625 -1.25472
0.500093 0.00513164 -0.487806
-0.106024 -0.00355825 -0.292417
0.0235583 -0.0103015 -0.199805
-0.035804 -0.00741187 -0.131259
0.00039447 -0.0145871 -0.0472984
0.31912 -0.00882044 0.179723
-0.758516 0.0523978 0.242019
-0.153196 -0.00371906 0.303513
-0.152924 -0.000465393 0.318698
-0.715229 0.201456 0.402939
-0.64914 0.24785 0.61011
-0.46721 0.0197312 -0.416897
-0.714817 0.298743 0.249202
-0.330754 -0.0143895 0.294146
-0.478702 -0.00366162 0.472496
-0.660381 0.0434227 -1.32063
0.0929843 0.0145445 -1.31344
-0.612999 -0.00854582 -1.33998
-0.54801 0.0848846 -1.19875
-0.566017 -0.0323034 -1.33691
-0.551431 -0.0508857 -1.36029
-0.0477804 0.192878 -0.959776
-0.0410738 0.569688 -0.485118
0.463006 0.00461405 -0.325317
-0.189608 -0.00702989 -0.320259
-0.35302 -0.00316986 -0.311998
-0.172584 -0.00173763 -0.305784
-0.150412 0.0254019 -0.226748
0.244433 -0.0053472 -0.227947
0.116118 -0.0371514 -0.233255
-0.128745 -0.0360987 -0.205616
-0.116669 -0.0115192 -0.152335
-0.163773 -0.00459717 -0.129711
-0.29101 -0.00861946 -0.087657
-0.121607 -0.0120963 -0.086982
-0.192785 -0.00662235 -0.066067
-0.118985 -0.00386456 -0.0168591
-0.196209 -0.00984324 -0.0180993
-0.157552 -0.00284822 -0.00707213
-0.207683 -0.0175796 0.00280028
-0.0859471 0.0014867 0.012563
-0.164816 -0.0108525 0.0112892
-0.116901 -0.0120425 0.0225704
-0.183799 0.00291864 0.0336342
-0.225746 -0.00645789 0.0411217
0.297833 -0.0120223 0.0879165
-0.00717773 -0.0158056 0.090816
0.312542 -0.02602 0.0884246
0.362514 -0.00885191 0.107681
0.464682 -0.00205125 0.177467
0.0545603 -0.0186543 0.24488
0.155173 -0.00856284 0.287165
-0.170467 -0.00596649 0.317495
0.0968221 -0.0114307 0.317445
0.154375 -0.0150654 0.316575
-0.699814 0.20396 0.456196
-0.697176 0.199701 0.475441
-0.495069 -0.000790961 0.477583
-0.672611 0.21909 0.543052
-0.662962 0.21028 0.596896
-0.651561 0.221197 0.622541
0.00355728 -0.21716 -1.48037
0.491712 0.0041559 -0.460937
0.337377 0.0285455 -0.273643
0.503265 -0.00732857 -0.258677
0.241365 -0.0203821 -0.234827
0.0434239 -0.00269411 -0.185997
0.344176 0.00408439 -0.117627
0.490997 0.0328195 -0.0845675
0.297449 -0.0249793 -0.0837203
0.242302 -0.00965292 0.0686669
-1.48481 -0.563797 -0.2013
0.34258 -0.000243295 0.108007
0.314158 -0.0249132 0.145526
0.353384 -0.0173634 0.19833
0.100741 -0.00532771 0.232529
0.072827 -0.00896803 0.261769
0.0703097 -0.0203227 0.301763
0.172686 -0.0209618 0.301701
0.341528 0.0066306 0.315587
-0.188058 -0.00347547 -0.31876
-0.182489 -0.00648381 -0.0733257
-0.16992 0.000527428 -0.0686349
0.145622 0.00702985 -0.0420571
-0.0693064 -0.0228508 0.0498899
-0.00293697 -0.0798348 0.122602
-0.031411 -0.017393 0.173333
-0.031414 -0.0123214 0.198625
-0.87136 -0.137301 0.142511
0.10836 -0.0108022 0.239152
0.0404233 -0.0101582 0.247482
0.353736 -0.00670478 0.322294
0.325529 0.134944 -0.21011
-0.11891 0.00368145 -0.309045
-0.115308 -0.0154438 -0.294979
-6.53812 -16.573 -12.5805
0.117181 -0.033535 -0.0274728
-0.92722 0.0872581 0.100622
-1.10313 -1.6612 -0.775706
-0.962244 -1.27043 -0.484397
-0.979121 -0.187065 0.0636727
-0.0442581 -0.00910168 0.158914
-0.365194 -0.264548 0.040356
-0.278882 -0.783765 -0.180964
-0.0364757 -0.0118062 0.181581
-0.784462 -0.792677 -0.143003
0.509067 -0.010594 0.251824
-0.533042 -0.0917193 0.268569
0.353123 -0.0101905 0.315166
-0.346861 -0.0100188 0.315473
0.507084 -0.00235527 0.479262
-0.645755 0.0098817 0.716555
-0.0488848 -0.0119774 -0.132323
-0.260513 6.3003e-006 -0.0721108
-0.915125 0.109625 0.116817
0.0158628 -0.0180102 0.0599968
-1.01455 -1.43878 -0.651545
0.528419 -0.0914508 0.092423
-0.960285 -0.28286 0.0600386
-0.780377 0.0292012 0.249539
0.51327 -0.03854 0.248051
-0.496104 0.000382321 0.302586
0.506328 -0.0164572 0.472223
-0.647338 0.0032424 0.712123
-0.489703 0.0116922 -0.435942
-0.345754 -0.00946538 -0.284508
0.341816 -0.00549427 0.257519
0.502238 0.00329886 0.452393
-0.105291 -0.00242003 -0.28244
0.248334 -0.00307379 -0.226076
0.0264189 -0.0106897 -0.197279
-0.303137 -0.0108506 -0.0877824
-0.123018 -0.00645592 -0.0824851
0.0981206 -0.00592166 -0.0400461
-0.122149 -0.00195705 0.0163237
0.102387 -0.0128193 0.31961
0.0992591 -0.0154137 0.329583
0.502893 -0.0125605 0.46659
-0.638195 0.0133774 0.718371
-0.640428 0.00840742 0.720274
-0.509297 0.00117156 -0.472943
-0.350326 -0.000417698 -0.30563
0.0273046 0.00266527 -0.19015
-0.291777 -0.000682477 -0.0784664
0.154162 0.00641766 -0.00101752
0.125466 0.00555431 0.221579
-0.138126 -0.0147076 0.27717
-0.113299 -0.00592288 -0.317902
-0.166057 -0.0327406 0.263672
-0.11977 -0.00943302 0.31598
0.0455827 -0.0201985 0.310744
0.342837 -0.000815237 0.308886
0.482919 -0.00442757 0.468202
-0.721775 0.00611181 -0.908904
-0.150469 0.00557687 -0.326042
0.362337 8.46513e-005 -0.315661
0.322815 0.00425215 -0.0744905
-0.768293 0.331884 0.227196
-0.767307 0.0389213 0.230692
-0.773803 0.0278061 0.234278
-0.766792 0.0226175 0.243368
-0.110079 -0.016343 -0.292059
-0.0444219 -0.00880039 -0.132155
-0.779046 0.313764 0.218565
-0.922311 0.119445 0.117746
-0.964522 0.0912578 0.111276
-2.54164 -1.95295 -0.92195
-1.53642 -0.41499 -0.0980158
-2.99035 -2.37867 -1.10031
-7.95503e+009 -1.06931e+010 -5.45941e+009
-0.795804 0.110133 0.209559
-0.788101 0.0436391 0.219778
-0.783445 0.0278157 0.229222
-0.150813 -0.0062881 0.306672
-0.171415 -0.0151907 0.318275
-0.13677 -0.0158813 0.316637
0.490375 -0.00100142 -0.433952
0.308378 0.0280572 -0.278224
-0.76599 0.31463 0.2455
0.35032 0.00165548 -0.312279
-0.0376077 -0.0101913 -0.130652
0.143395 -0.00551035 -0.04975
0.137575 -0.0147834 -0.0420923
-0.0733239 -0.0182625 0.0522772
-0.0619301 -0.00603931 0.0584676
0.221677 -0.00474942 0.0641262
-0.0272216 -0.00544081 0.176774
-0.718487 0.0160559 -0.897065
-0.347851 -0.00134724 -0.313258
0.342119 0.012681 -0.306562
0.345708 -0.0108576 -0.106492
0.325113 0.00382421 -0.0686698
0.0308499 0.0899257 0.0178516
0.345758 0.00130708 -0.0531044
-0.158628 -0.0117219 0.167985
-0.0255063 -0.00891749 0.185084
0.0525223 -0.00985862 0.252751
0.514171 -0.0234625 0.470537
-0.0966975 -0.000747198 -0.172686
-0.176205 -0.014167 -0.138333
-0.0639528 0.00571329 -0.110999
-0.239286 -0.0263129 -0.105473
-0.268455 -0.0203293 -0.0815938
-0.110155 0.000719121 -0.054395
-0.202026 -0.00803799 -0.0390563
-0.181228 -0.0233074 0.0569438
-0.764411 0.0414334 0.226279
-0.17135 -0.0112768 0.268531
-0.1834 -0.00824924 0.318292
-0.112503 -0.0030584 0.316947
-0.819054 0.697733 0.483805
-0.794237 0.289416 0.217493
0.289262 -0.0195917 0.0909347
-0.0101839 -0.0256684 0.143869
0.326149 0.00789034 0.267088
0.0469415 -0.0112901 0.312099
0.190928 -0.0191414 0.297746
-0.673473 0.000844309 0.692783
0.00403436 -0.111726 -1.43639
-0.502358 0.0213865 -0.475162
-0.525719 0.00683414 -0.468877
-0.511316 0.0103967 -0.467563
0.350025 -0.003904 -0.315718
-0.120848 -0.0083673 -0.139101
-0.0549898 -0.00927995 -0.0517839
-0.769057 0.325008 0.225958
-0.120504 -0.00808398 -0.0178764
-0.115839 -0.0192342 -0.0107723
-1.15244 0.390774 0.373718
-1.10666 0.354246 0.400516
-0.153488 -0.00271621 0.300895
-0.347052 -0.00389296 0.321237
-1.10167 0.326357 0.647335
-0.490697 -0.00356317 0.492665
-1.0953 0.31465 0.663675
-0.288722 0.465586 -0.616374
-0.60474 -0.90104 -2.42458
-0.610947 -1.30111 -2.93675
-0.721701 0.00831446 -0.901889
0.498946 -0.00177147 -0.474624
0.239121 0.0087269 -0.213173
-0.0499056 -0.00349142 -0.134218
-0.619331 0.731732 0.482469
-0.699446 0.785342 0.54397
-0.74282 0.746483 0.528094
-0.786815 0.717858 0.518854
0.354506 0.032507 0.0175795
-0.878993 0.631675 0.478133
-0.955028 0.562172 0.447334
-1.17485 0.375901 0.357452
-0.993692 0.541905 0.44315
-1.10789 0.421661 0.386872
-1.24265 0.31454 0.340207
-0.784303 0.109507 0.222163
-0.261877 -0.0556156 0.102477
-0.301648 0.0309235 0.184458
-0.761412 0.0594013 0.240346
-0.137464 -0.00428079 0.284682
0.367073 -0.0103708 0.290299
-1.10121 0.303194 0.676617
-1.09108 0.302141 0.687688
-0.49704 0.0276209 -0.424892
0.337252 0.00206368 -0.31217
0.218343 0.00436192 -0.219898
0.0765091 -0.0064253 -0.199284
0.329246 0.109756 -0.124999
0.338519 0.00942191 -0.124873
-0.499754 -0.000869183 -0.00380347
-1.15997 0.377262 0.367978
-5.13764 -4.71044 -2.30149
-3.64741 -3.97788 -2.3117
-0.695354 0.00286732 -1.38977
-0.692794 -0.0368222 -1.4388
-0.677017 -0.0509682 -1.44243
-0.649966 -0.172206 -1.60959
-0.653945 0.0328328 -1.30653
-0.633637 -0.186023 -1.62085
-0.161761 -0.00996709 -0.133172
-0.120462 -0.00691826 0.0150401
-1.07908 0.39485 0.474307
0.323941 -0.000547367 0.168793
0.334304 -0.00021209 0.176545
0.323894 -0.00312194 0.180022
-0.692412 0.0258214 0.489083
-1.10018 0.365899 0.699547
-1.0813 0.419673 0.736663
-1.11375 0.369591 0.734576
-1.09675 0.38012 0.775487
-0.502713 0.301382 -0.885259
-0.533111 -0.566166 -0.98671
-0.0918875 -0.00205191 0.0425922
-1.13268 0.405123 0.569927
0.0942191 -0.0162798 0.316883
-0.275603 0.446954 0.640555
-0.174744 0.623629 0.705673
-0.0737488 0.218226 0.558713
0.520378 -1.85433 -0.181026
-0.192029 -0.00711664 -0.311778
-0.106316 0.0238607 -0.295093
-0.11982 -0.00871596 -0.255774
-1.1244 -0.148516 -0.0260766
-1.84157 -0.27997 0.0738869
0.0107825 -0.00680173 0.0611047
-0.768647 0.0346781 0.219539
-0.0309687 -0.00659759 0.187572
0.464447 0.00822386 -0.44818
0.655945 0.0118316 -0.893638
-0.07492 -0.00512775 0.0412997
-0.0678951 -0.00987564 0.059619
-0.199107 0.039975 -1.12467
0.6637 -0.0119849 -0.918601
-0.509463 -0.00173576 -0.332993
-0.48179 0.052559 0.0604863
-0.0603953 -0.00336882 0.0204553
-0.498174 -0.00313954 0.481761
-0.528795 -0.0806696 -0.112021
-0.362351 -0.0033818 0.0955493
-0.657283 0.222303 0.598978
0.514337 -0.088814 -0.130772
-0.717174 0.114925 0.24821
-0.787004 0.0129195 0.288474
-0.158695 -0.0104352 -0.134012
-0.121096 -0.0043526 -0.0111431
-0.111752 0.00610876 0.00423042
0.353035 -0.0041954 0.322971
0.37002 -0.0292667 0.311809
-0.687237 0.0335228 0.533924
0.155024 0.00265006 -0.0723846
0.157286 -0.00448709 -0.0600451
0.157396 -0.0171058 -0.050715
0.121198 -0.0190277 -0.00911388
0.225863 -0.0118597 0.0630848
-0.796881 0.131455 0.209147
-0.345001 -0.014524 0.315463
0.332836 -0.00305463 -0.30941
-0.211304 -0.0300389 -0.114606
-0.27932 -0.0159942 -0.0892858
-0.212771 -0.067572 -0.0853685
-0.0560653 -0.00167337 -0.292642
0.179118 0.00597082 -0.200137
0.069267 0.05051 -0.137926
-0.252549 -0.00153754 -0.0804565
0.122453 0.0133448 -0.0212342
-0.335522 -0.0339811 0.033942
-0.014019 -0.0119738 0.148329
-0.154504 -0.0597754 0.187027
0.321813 -0.00942299 -0.0838562
0.34023 -0.00902058 -0.0780334
-0.168144 -0.00836987 -0.076266
-0.0546441 -0.0121659 -0.0527142
0.0130622 -0.00797217 0.0515313
-0.766949 -0.00226442 0.24181
-0.705841 0.00821319 0.276509
0.49995 0.00762694 -0.470129
-0.0424022 -0.00855169 -0.134794
0.0111732 0.101796 0.0185734
-0.0447149 -0.0066637 -0.0465081
0.0146902 -0.00173253 -0.0335927
-0.0629271 -0.00411478 0.0217166
-0.362665 -0.00988216 0.0715102
-0.733683 -0.0351336 0.250871
0.184687 0.035049 -0.183744
0.276067 -0.10105 -0.16237
0.123088 -0.0198684 -0.0359483
-0.376541 0.302216 0.497476
-0.260522 0.052137 0.1678
-0.311304 0.00100982 0.170788
-0.377576 -0.0556277 0.184139
-0.334983 -0.00261713 0.306363
-0.481577 -0.235534 -1.58769
0.378974 -0.112681 -0.406469
-0.1598 -0.00466119 -0.126613
-2.49498 -5.3479 -8.99537
-0.467119 -0.0621456 -1.3476
-0.420892 -0.121518 -1.35907
-0.496621 0.0298712 -0.237676
-0.36473 -0.0104828 -0.141632
-0.50962 -0.0168766 -0.114274
-0.498585 0.00420898 0.139204
-0.475576 0.0667829 0.284834
-0.337966 -0.00404817 -0.310966
-0.241135 -0.0279338 -0.100397
-0.289446 -0.0125582 0.032586
-0.220462 -0.000780983 0.075342
-0.151061 -0.0512862 0.188871
-0.227266 -0.0244526 0.304869
-0.0795832 -0.0360551 0.291484
0.275189 -0.0403704 -1.55998
0.26731 -0.132443 -1.69891
0.245835 -0.162348 -1.71166
-0.120553 -0.0126899 -0.148566
0.0933816 -0.00619747 -0.0427498
-0.665825 -0.0316746 -1.41216
-0.597032 0.0729736 -1.23638
-0.851963 -0.650262 -2.26604
0.0969323 -0.202063 -1.64632
0.0740066 -0.879528 -2.61848
-1.15791 -0.0437297 0.0175458
-2.39566 -1.66803 -1.00969
-0.769627 0.184513 0.236514
-0.565819 -0.00699892 -1.31099
0.092274 -0.0221337 0.312204
-0.930275 0.15875 0.153596
-0.802254 0.274136 0.219046
-0.863532 0.0397922 -1.51993
-0.836957 0.0870166 -1.41387
-0.853449 0.0395322 -1.49979
0.263092 -0.209325 -1.79458
-0.440749 0.0299619 -1.21847
-0.646955 0.00892835 0.71801
-0.654978 -0.0018217 -1.37431
0.244191 -0.530526 -2.17415
0.0869356 -3.6954 -6.71662
0.0356918 0.567199 -0.420823
-0.188526 -0.00620258 0.316218
0.325154 -0.0435714 -1.61742
-0.498168 0.0308957 -1.2695
0.209125 -0.0626737 -1.4492
0.19631 -0.0808225 -1.46644
-0.300595 -0.0015423 -0.0781759
0.0102109 -0.0078091 0.0493071
-0.277954 -0.0359477 0.113533
0.352935 -0.00338237 0.324912
0.0202174 0.0579813 -1.21726
-0.00573841 0.0407226 -1.22373
0.0115576 0.0846509 -1.09177
0.0134951 -0.00877447 0.0597641
-1.12006 0.334273 0.418777
-0.76065 0.0331025 0.214885
-0.474367 -0.000398222 -0.421761
-0.340545 0.00913662 -0.274254
-0.271101 0.00256483 -0.292609
-0.247248 -0.0189971 -0.0844279
-0.175498 -0.0470409 -0.0730412
0.359493 0.0968261 -1.49016
-0.55608 0.0914684 -1.12831
-0.514979 -0.00861569 -0.487047
-0.523311 0.0101872 -0.460676
0.0280233 0.00565869 -0.187001
-1.15631 0.314698 0.505277
-0.335038 -0.00803817 0.184979
-1.20594 0.301359 0.561351
-1.19433 0.297301 0.609375
-1.1424 0.30682 0.676125
-1.0963 0.31165 0.684328
0.345704 -0.239326 -1.87219
-0.064566 -0.00967011 0.0508222
-0.509722 -0.0484017 0.261587
-0.136627 -0.00581091 0.265594
-0.156199 -0.00709538 0.298363
-0.168516 -0.00953111 0.316564
-0.138715 -0.00295607 0.324348
-0.175604 -0.0264563 0.325598
-0.273399 0.358138 0.641513
-0.638774 0.304577 0.713899
0.0404579 -0.20836 0.38802
0.107137 0.222074 0.583594
0.450544 -0.0419409 0.461162
-0.120815 -0.0236718 0.297876
-0.326326 -0.012875 0.285428
-0.472479 -0.00874792 0.458274
0.189924 -0.0912488 -1.51745
0.146808 -0.0900695 -1.50675
0.150772 -0.0820703 -1.47471
-0.494217 0.065918 -1.13496
-0.504686 0.0091984 -0.460222
0.117691 -0.324979 -1.72187
-0.139152 -0.00705723 -0.323216
-0.160276 -0.00740652 -0.129255
-0.098784 9.69099e-005 0.0163442
-0.19413 -0.00571049 -0.314537
0.367379 -0.0236517 0.12831
0.326024 0.00297247 0.175359
0.123445 -0.00787435 0.221475
-0.436423 -0.0190055 -1.30352
-0.291465 -0.124612 0.0497636
-0.77705 0.0189914 0.232637
-0.77427 0.00749821 0.235308
0.237409 0.00044625 -0.221018
-0.774507 0.325518 0.233742
-0.73474 -0.0196326 -1.41724
-0.429623 0.186734 -0.0161964
-0.117303 -0.0133221 -0.144088
0.131064 -0.0130013 -0.052652
-0.7724 0.325533 0.22351
-0.766818 0.325149 0.234527
-0.786835 0.315237 0.231465
-0.44543 -0.0877741 -1.31457
0.215744 0.0344331 -0.0394202
-0.100283 0.756411 0.477598
-0.0215789 0.975148 0.652371
-1.09581 0.103211 0.120135
-0.316926 0.0143374 0.187204
0.564134 0.390255 0.443929
-0.528113 -0.063702 -1.37596
-0.496989 -0.124733 -1.44794
-0.497913 -0.000905991 0.187524
0.187837 0.00834489 -0.210396
0.145233 -0.00955032 0.32024
0.141765 -0.00542318 0.337047
-0.495579 0.00268252 0.368237
-1.62826 -0.519573 -0.287694
0.271235 -0.00171492 0.135585
-0.500657 -0.0110149 0.478863
0.510573 -0.0140041 0.0234709
-0.359999 -0.0106635 0.217587
0.513786 -0.0220719 0.351617
-0.477739 -0.00452923 0.492828
-0.501338 0.0107413 -0.457079
-0.368946 0.0761093 -1.15635
-0.35878 0.107305 -1.09537
0.0737545 -0.183192 -1.52575
-0.626605 -0.719611 -2.25547
-0.504188 -0.165601 -1.43491
-0.117879 -0.00713602 -0.143537
-0.901449 0.571773 0.457577
-0.916552 0.555042 0.446576
-0.871996 0.583024 0.469764
-0.168489 -0.00956087 0.27679
-0.139266 -0.0128741 0.272933
-0.123443 -0.0349862 0.292934
