1148
-0.0521565 0.00603993 -0.0464413
-0.118788 -0.0169996 -0.144215
-0.514236 -0.00493175 -0.483738
0.499001 0.0394559 0.471713
-0.0306105 0.0349935 -0.125275
0.22095 0.0032375 0.0620636
0.495402 0.0624352 -0.452715
-0.334086 0.0118912 0.186063
-0.378263 -0.101456 0.332707
0.246463 0.0355931 -0.216175
-0.492531 0.0395233 0.474514
0.0417159 0.0109345 0.245191
-0.17502 0.0276406 -0.314501
-0.174733 0.0281898 -0.0732833
0.102851 0.00273556 0.321307
0.453906 0.0418992 -0.31655
0.454591 0.0353404 0.169705
0.40636 0.0204876 -0.339246
-0.156854 0.0275016 0.39305
-0.0100281 0.00848337 0.157891
0.342766 0.0557522 -0.303934
-0.103819 -0.0620158 -0.284896
-0.112949 -0.0562895 -0.2803
0.0258984 0.0146406 -0.188974
-0.156401 0.0208277 -0.124474
-0.1856 0.0149874 -0.116419
-0.161813 0.00825076 -0.117282
0.340115 0.0229139 -0.0791328
-0.314053 -0.0054672 -0.0865693
0.330872 0.0190008 -0.0667979
0.309993 0.0352596 -0.0619352
0.157005 0.0178402 -0.0165984
-0.15609 0.00899806 -0.0106666
-0.118633 0.024817 -0.00851089
-0.07454 0.0279417 0.00807338
-0.12616 -0.0327351 0.00622565
-0.0885158 0.0158103 0.0458092
0.016179 0.0148296 0.0499884
-0.083631 0.00284548 0.0513203
-0.0681632 -0.00108063 0.0513313
-0.00133324 -0.0594516 0.069489
0.30187 0.0187192 0.0898036
-0.00171694 0.0412652 0.092004
0.324352 0.0337988 0.118572
-0.0117151 0.155263 0.121027
0.332771 0.0379449 0.134333
-0.304803 -0.0113029 0.170123
-0.0271898 0.014709 0.19232
-0.163506 0.055524 0.204532
-0.148553 0.178751 0.216107
-0.156136 0.0255607 0.228009
-0.0555393 0.717387 0.189575
0.108347 0.00221103 0.245311
0.0662318 0.00180048 0.270077
-0.133257 0.0559332 0.291289
0.351743 0.0132968 0.316674
0.357218 0.0162872 0.316416
0.0663344 0.0554559 0.332895
-0.335902 -0.0128328 -0.307749
-0.19696 0.0079845 -0.296946
-0.0707083 0.015412 -0.293164
0.348792 -0.0432083 -0.303457
-0.109234 0.110278 -0.220078
0.261905 -0.0184776 -0.0861188
0.313557 0.135423 0.0069459
-0.39358 -0.212105 0.0811423
-0.242132 0.0648209 0.11509
-0.000358172 -0.00484318 0.143433
0.319443 0.0714578 0.196796
0.0478573 -0.00441478 0.245676
-0.332853 0.0209135 0.292019
-0.238769 -0.0337349 0.297622
0.0488721 0.0364965 0.293055
0.171473 0.0748012 0.290171
0.317365 0.0758416 0.294012
0.508131 -0.0239281 0.454476
-0.488617 0.016496 0.469063
0.483761 0.087491 -0.444858
-0.504698 0.00318508 -0.473649
0.458224 0.0278395 -0.32243
0.344267 0.0424768 -0.303908
-0.133319 0.00424546 -0.320644
-0.345713 0.0131357 -0.314789
-0.100499 -0.00216096 -0.289359
0.241962 0.0471955 -0.216509
0.224499 0.030765 -0.201484
-0.0566093 0.0610891 -0.101721
0.23692 0.0885488 -0.0849509
-0.11286 0.0286287 -0.0819342
0.152795 0.0557728 -0.0731839
-0.288398 0.0380613 -0.0777641
0.121684 0.0464945 -0.068963
0.326336 0.040613 -0.0656446
-0.126229 0.0255256 -0.0706117
0.0905692 0.044053 -0.0636151
0.301612 0.0396188 -0.0600348
0.0581541 0.0226928 -0.0608566
-0.045107 0.0106521 -0.0518586
0.113845 0.0178285 -0.0289255
-0.191858 0.015722 -0.0218611
0.158542 0.018052 -0.0149673
-0.114232 0.0287537 -0.0127275
-0.160775 -0.0257643 -0.0101926
-0.0981622 -0.00254936 0.0292149
-0.0585018 -0.0020498 0.0312249
0.221923 0.00345344 0.0617933
-0.00211106 -0.00506239 0.0884007
-0.0356337 -0.262914 0.104073
0.320913 0.0408221 0.113606
0.00419415 0.0120897 0.114518
0.0193375 -0.0566556 0.12215
0.326574 0.0465863 0.126522
-0.0424004 -0.163703 0.126472
-0.296325 -0.0362144 0.129799
0.0142645 -0.0194919 0.134604
0.0288067 0.34625 0.144405
-0.0455917 -0.043045 0.153601
0.0208587 0.370802 0.159298
0.330924 0.016724 0.170981
0.466257 -0.00176305 0.172146
0.317369 0.0230951 0.176987
-0.0296327 0.00178455 0.19108
-0.0907163 0.453484 0.188156
0.124783 -0.0890599 0.223926
0.10394 0.0521411 0.234634
0.0449781 -0.0508558 0.25305
-0.0891272 0.344959 0.258654
0.344001 0.0320695 0.312023
-0.167141 -0.00798791 0.318226
0.0965925 0.00598683 0.319556
0.146868 0.0192165 0.318317
-0.374508 -0.0990322 0.333035
-0.493643 0.029155 0.474041
0.496762 0.0292937 -0.459719
-0.510444 -0.00813316 -0.476963
0.176956 -0.0204716 -0.197929
0.0489729 0.0108611 -0.181523
-0.0416863 -0.0025379 -0.135519
-0.285045 0.0160976 -0.083941
-0.25959 0.0150999 -0.0716896
-0.176241 0.048438 -0.0647022
0.22602 -0.00238088 0.0636998
-0.0350931 0.748994 0.179685
0.246186 0.0184893 -0.221512
0.233868 0.0480876 -0.212141
0.0523301 0.0203006 -0.173562
-0.11206 0.0950629 -0.118678
0.149441 -0.00146603 -0.0361648
-0.153066 0.18022 0.063655
0.252245 -0.0565829 0.0989098
0.495103 -0.0024946 0.110821
0.325841 -0.0616202 0.178629
0.102186 -0.0918342 0.256317
-0.125539 0.318117 0.253749
-0.179101 -0.00763462 0.299784
0.522027 -0.0515329 0.48865
0.342843 0.0318364 -0.30337
-0.18465 0.00549512 -0.319339
-0.157793 0.085495 -0.284545
0.212299 -0.147962 -0.223841
0.0316436 0.00645449 -0.193067
0.121953 -0.0855267 -0.192411
0.321968 0.000644634 -0.0964508
-0.0260881 -0.0648821 -0.0325272
0.12111 -0.0258776 -0.0113609
0.122041 0.0166347 0.226016
-0.144783 0.161141 0.297702
-0.13259 0.033544 0.31187
0.506647 0.00870684 0.471139
0.337995 -0.00980465 -0.31334
0.236063 0.0451252 -0.218136
0.0114167 0.00910948 0.0617033
0.0263811 0.0496122 0.0901734
-0.370349 -0.0952591 0.140982
0.0631159 2.54975e-005 0.258259
-0.341981 0.0127278 0.307496
0.0895076 -0.00189341 0.314078
0.16232 -0.0188574 0.315614
0.33641 0.00964592 0.315751
-0.498171 -0.0101478 -0.443176
0.503302 -0.0411669 -0.470066
-0.331929 0.00787137 -0.285271
-0.22141 -0.0504142 -0.302891
-0.0647902 0.0027786 -0.293712
0.312821 0.0594119 -0.282426
-0.124222 -0.0081858 -0.263314
-0.0644059 -0.0193997 -0.240977
0.327795 -0.0113569 0.024534
0.510328 -0.0298873 0.458622
-0.136273 0.0133561 -0.316873
-0.118429 0.00222842 -0.0871998
0.089452 0.00913324 -0.0458283
0.144345 -0.00033791 -0.0488991
0.110083 0.025516 -0.0360978
0.279269 0.00129406 0.142024
-0.328799 0.0268186 0.18643
-0.321672 0.025091 0.193328
0.403582 0.0394833 -0.331595
0.459298 0.0412781 -0.317323
-0.126159 -0.0707955 -0.256199
-0.142516 -0.154123 -0.238797
-0.115776 0.000430899 -0.146072
0.0788332 0.020824 -0.0641233
0.347615 0.0153783 -0.0564839
0.0956655 0.00471224 -0.0373122
0.221592 0.0033536 0.0617795
0.340208 0.0347065 -0.108151
0.248781 0.00772264 -0.0864964
0.00650512 0.00874478 0.11711
0.0175438 -0.00165148 0.305292
-0.155056 0.016895 -0.126856
0.342717 -0.128332 -0.119764
0.338246 -0.0823963 -0.0977073
-0.282777 0.280329 -0.223664
-0.099476 0.0144259 -0.284246
0.238013 0.0312803 -0.222173
-0.286666 0.0123982 -0.0793676
0.369502 -0.154353 -0.135317
-0.0545157 -0.119945 -0.0739696
-0.116133 0.00667775 -0.0232251
-0.168303 -0.0948852 -0.028381
-0.199358 0.0569332 0.0196856
-0.161827 -0.00186527 0.00868176
0.0738891 1.85638 0.279891
-0.00404698 -0.0200986 0.159462
0.358517 -0.245178 0.161476
0.338708 0.0301096 -0.305279
0.0616129 0.0195677 -0.179935
-0.284105 0.00258185 -0.0849963
-0.178936 0.152593 -0.0311462
-0.105963 -0.000948704 -0.0459867
-0.110497 0.421157 0.0773428
-0.246041 0.0287871 0.122086
0.307448 0.0484675 -0.265775
-0.322736 0.00373799 0.280829
-0.460245 0.0419682 0.458498
0.476383 -0.00666061 0.451718
1.12078 0.178125 -0.742518
0.126497 -0.0864081 0.206832
0.149095 -0.0247366 0.317268
0.153796 -0.0276045 0.329421
0.484838 0.100066 -0.430511
-0.12418 0.025516 -0.310402
0.159434 -0.0201609 -0.0528753
0.153823 -0.0155079 -0.0241502
0.0154308 0.0163075 0.0592663
-0.324662 -0.0239287 0.172276
0.158439 0.0967473 0.275667
0.154297 0.0182805 0.283939
0.150377 0.00292897 0.315546
0.358368 -0.0261561 0.318176
0.506804 0.0352881 0.477872
0.489223 0.0558674 -0.445474
0.239994 -0.00166563 0.0814308
-0.697651 0.0538781 0.495556
-0.571398 0.399663 0.71221
-0.568288 0.413767 0.796553
-0.483785 -0.032103 -0.460985
0.275166 0.216837 -0.329253
1.14763 -0.00461565 -0.457018
0.968561 0.103221 -0.913742
1.01239 0.194974 -0.857404
1.13671 0.166283 -0.893862
1.02527 0.164338 -0.848588
1.05365 0.182444 -0.841454
0.986263 0.11176 -0.840052
1.00777 0.108617 -0.823215
1.02245 0.11687 -0.790287
1.02398 0.113716 -0.781549
1.20131 0.141037 -0.790512
1.20723 0.167546 -0.759278
1.20143 0.203306 -0.722499
1.16297 0.209619 -0.681203
1.18311 0.228103 -0.673993
1.24132 0.138585 -0.730187
1.15907 0.205506 -0.666164
1.2076 0.187303 -0.671628
1.12334 0.199338 -0.613972
1.27531 0.0891671 -0.693823
1.2293 0.0653411 -0.683276
1.17908 0.117853 -0.642234
1.11454 0.155074 -0.60976
1.21583 0.201945 -0.600398
1.18977 0.190452 -0.596764
1.18146 0.158776 -0.600946
1.18419 0.174786 -0.587385
1.15397 0.16547 -0.58318
1.1184 0.133983 -0.587901
1.19561 0.133138 -0.599407
1.22619 0.168771 -0.585082
1.09376 0.162954 -0.56567
1.12503 0.161509 -0.569507
1.14878 0.164132 -0.572791
1.18767 0.175042 -0.566411
1.26026 0.126112 -0.599376
1.16846 0.18982 -0.545467
1.21291 0.162333 -0.566272
1.25195 0.131226 -0.585614
1.18954 0.169505 -0.553983
1.20141 0.165079 -0.557911
1.06105 0.163172 -0.502122
1.22134 0.159323 -0.48359
-0.353606 -0.00553677 -0.315739
-0.0531176 0.002087 -0.143979
0.322046 -0.0212044 -0.0897415
-0.118715 0.0105181 -0.0195422
0.339596 0.0036119 -0.0749867
0.984351 0.120051 -0.826092
1.03212 0.0617215 -0.871706
1.08593 0.189266 -0.767037
1.10869 0.201511 -0.729701
1.18846 0.10844 -0.782877
1.19749 0.202455 -0.718776
1.17321 0.192728 -0.678607
1.08975 0.164842 -0.61228
1.14757 0.175705 -0.61656
1.07762 0.149008 -0.608588
1.11065 0.161199 -0.596902
1.19012 0.187702 -0.595853
1.19589 0.192564 -0.57324
1.20054 0.162638 -0.556193
1.21363 0.16491 -0.481304
-0.719922 -0.826445 -0.592571
1.13384 0.140921 -0.396985
1.02912 0.129708 -0.368995
1.15606 0.115865 -0.390346
-0.303857 0.3071 -0.0710014
0.0393115 0.010794 -0.1853
-0.0430661 0.0452079 -0.114837
-0.113027 0.0111939 -0.0879785
-0.0438909 0.0147127 -0.0480258
0.325734 -0.0204046 -0.082161
-0.748836 -0.0960339 0.222679
-0.492861 0.0468772 0.266986
0.475609 -0.029697 0.164929
-0.703191 0.0253255 0.393791
1.13076 0.202645 -0.755297
1.23009 0.0592049 -0.786091
1.09645 0.176794 -0.610255
0.0545463 0.0204631 -0.189331
-0.959331 -0.669419 -0.189892
0.338809 -0.0143569 0.310917
-0.327708 0.0583884 -1.14287
0.325627 -0.203718 -1.5138
1.04189 0.078316 -1.41081
0.737566 -0.0967246 -1.44208
0.918649 -0.15598 -1.46414
1.25872 -0.0612293 -1.44658
1.15738 0.121358 -1.09841
1.35331 0.0422618 -1.2005
1.04821 0.158191 -0.998024
1.09166 0.215792 -0.798079
1.24036 0.298551 -0.778693
1.49354 0.0211317 -0.940089
1.64694 0.0432644 -0.630205
0.51661 -0.0795587 -0.377715
1.63096 0.0387291 -0.476923
0.100393 -0.120268 -0.242779
0.30279 -0.0624351 -0.247398
-0.0797798 0.0226812 0.280655
0.496625 -0.0136288 0.441966
-0.717907 0.22669 -1.23414
-0.612151 0.18267 -1.27522
-0.482203 0.194833 -1.28
-0.596217 0.208405 -1.20914
-0.377072 0.171164 -1.2903
-0.496583 0.192407 -1.23407
-0.355423 0.170105 -1.29003
-0.462787 0.194981 -1.23172
-0.71679 0.188383 -1.12925
-0.720725 0.166634 -1.10008
-0.705893 0.176071 -1.087
-0.482595 0.148192 -1.13501
-0.465795 0.172221 -1.11625
1.09428 0.135402 -1.42432
0.854067 0.0840834 -1.38654
0.867799 0.111517 -1.35601
0.858925 0.136324 -1.31763
0.859726 0.0450011 -1.39115
-0.263369 0.0850752 -1.10283
0.859141 0.0821168 -1.34288
1.12972 0.183891 -1.31129
0.848661 0.0222818 -1.38562
0.97128 0.1346 -1.31178
0.958297 0.178303 -1.25684
0.956657 0.151525 -1.27172
0.453717 0.0136526 -1.27062
1.11867 0.188213 -1.25912
0.475689 0.020235 -1.25529
1.1373 0.173247 -1.25889
0.506791 -0.0109059 -1.27988
1.11228 0.233805 -1.18184
1.17097 0.192279 -1.22864
1.13321 0.21604 -1.1859
0.878874 0.0911608 -1.23125
0.858288 0.11348 -1.20125
1.12964 0.244023 -1.14139
1.19475 0.18667 -1.19436
1.15223 0.186235 -1.17726
0.997741 0.202153 -1.12615
1.20323 0.180273 -1.18641
1.09162 0.227629 -1.08169
1.0827 0.228383 -1.05084
1.11332 0.201935 -1.07593
1.22323 0.191391 -1.10018
1.08835 0.226499 -1.04056
1.01302 0.221748 -1.0024
1.02207 0.238269 -0.990076
1.77271 0.0786168 -1.25895
0.952699 0.12841 -1.05403
1.03023 0.196168 -1.0095
1.78084 0.0537761 -1.26297
1.80025 0.0457616 -1.27212
1.03343 0.164742 -1.02809
0.967655 0.119272 -1.04211
1.79241 0.0254908 -1.27084
1.28086 0.165355 -1.0589
0.983137 0.178542 -0.973022
0.999711 0.182397 -0.973852
0.94855 0.071514 -1.03911
0.968217 0.183687 -0.959991
1.04612 0.215168 -0.923697
1.10561 0.189169 -0.954375
1.32223 0.183792 -0.890159
1.23762 0.264078 -0.729326
1.5232 0.00606044 -0.916175
1.29881 0.192058 -0.751818
1.28292 0.196893 -0.740014
1.46121 0.00949541 -0.889401
1.4852 0.00109642 -0.898616
1.50631 -0.0141372 -0.897738
1.31899 0.182325 -0.729521
1.2988 0.224832 -0.688938
1.32887 0.187928 -0.696961
1.33844 0.152771 -0.712748
1.64935 0.0550567 -0.796143
1.37166 0.209054 -0.653441
1.32848 0.259068 -0.610216
1.66264 0.0518597 -0.787093
1.32466 0.18969 -0.644519
1.61119 0.0607292 -0.766982
1.65887 0.0291706 -0.79226
1.33725 0.224654 -0.619744
1.60735 0.0448405 -0.762211
1.67205 0.0531709 -0.767682
1.29636 0.225041 -0.602058
1.38722 0.150156 -0.656391
1.37983 0.199263 -0.628827
1.60165 0.0707971 -0.739879
1.66329 0.018818 -0.77875
1.34082 0.177193 -0.629549
1.65699 0.0441004 -0.754986
1.31948 0.190867 -0.606383
1.28969 0.192432 -0.592953
1.31224 0.18008 -0.585588
1.37712 0.21383 -0.576881
1.33251 0.181606 -0.58167
1.32279 0.166461 -0.569119
1.27676 0.17335 -0.547656
1.59683 0.0683373 -0.642226
1.6545 0.0472911 -0.661043
1.6202 0.0767118 -0.635564
1.66482 0.0477722 -0.655647
1.60962 0.0456033 -0.64209
1.72934 0.0456047 -0.660286
1.64928 0.0609508 -0.635296
1.68318 0.0476526 -0.645795
1.70745 0.0488797 -0.648871
1.73976 0.0454879 -0.649638
1.79684 0.0369564 -0.662477
1.61183 0.0304256 -0.63019
1.70217 0.0354873 -0.642071
1.72874 0.0437381 -0.643459
1.82086 0.0468748 -0.655232
0.509901 -0.0296489 -0.488232
1.29202 0.147567 -0.513325
1.69498 0.0187741 -0.642914
1.79429 0.027238 -0.647517
1.87935 0.0321986 -0.65678
0.518328 -0.0160513 -0.471278
1.60902 0.0412089 -0.60676
1.66977 0.0333962 -0.618106
1.67243 0.0552985 -0.608216
1.83244 0.0442161 -0.638726
1.9039 0.0539108 -0.644962
1.79287 0.0027783 -0.646558
1.28465 0.147022 -0.48951
1.86325 0.0170112 -0.64283
1.87521 0.0252787 -0.641425
1.62283 0.0348252 -0.591286
1.46332 0.0796255 -0.537151
1.67064 0.0265724 -0.594776
1.89083 0.0030777 -0.640725
1.85083 0.0209144 -0.62002
1.89988 0.0301233 -0.622684
1.3802 0.181367 -0.461872
1.78835 0.0347658 -0.596828
1.32846 0.146301 -0.466618
1.7244 0.0342773 -0.58129
1.75658 0.0335276 -0.586963
1.8401 0.013647 -0.607492
1.86689 0.0131011 -0.613395
1.27833 0.143218 -0.454596
1.79335 0.0565194 -0.57516
1.34728 0.111055 -0.473119
1.75033 0.030339 -0.574938
1.7797 0.049429 -0.570965
1.83335 0.0371581 -0.584511
1.42651 0.0848176 -0.492082
1.687 0.0307822 -0.558372
1.89309 0.00896386 -0.59924
1.44325 0.0769491 -0.493436
1.6292 0.014666 -0.551667
1.90041 0.0202173 -0.587655
1.27744 0.121256 -0.441521
1.29554 0.118215 -0.445524
1.74999 0.0518906 -0.544155
1.67735 0.0398881 -0.534572
1.30884 0.112455 -0.437991
1.31762 0.11721 -0.431429
1.24285 0.157283 -0.390062
1.2996 0.107401 -0.422593
1.86269 0.0199447 -0.543897
1.41023 0.0448783 -0.460825
1.73095 -0.00021438 -0.522192
1.28371 0.0843185 -0.404078
1.40301 0.0228897 -0.45261
1.88314 0.0377869 -0.514552
1.31356 0.0459584 -0.417122
1.89356 0.0282691 -0.506618
1.87482 0.0251724 -0.499509
1.73843 0.0451 -0.440032
1.80896 0.0410066 -0.384049
1.70545 0.0914033 -0.345763
1.71357 0.0279791 -0.365671
1.66065 0.032657 -0.343912
1.76016 0.0368306 -0.355586
1.7641 0.0274897 -0.341592
1.85096 0.0149478 -0.346405
1.61971 0.0468191 -0.296413
1.61542 0.0488066 -0.267044
1.65315 0.045274 -0.274082
1.70977 0.0485871 -0.280842
1.61384 0.0419861 -0.257638
1.72539 0.0342532 -0.274786
1.66097 0.0312294 -0.261396
1.78975 0.0249506 -0.280382
1.80772 0.0270043 -0.282541
-0.0491571 0.000520148 -0.0502672
1.71553 0.0429965 -0.252599
1.66839 0.0310421 -0.239241
1.79552 0.0295341 -0.257467
1.6163 0.0459815 -0.221829
1.71524 0.0385766 -0.237288
1.75097 0.0215232 -0.247563
1.65123 0.0379843 -0.224612
1.65828 0.0428244 -0.217062
1.76253 0.0528333 -0.226145
1.83264 0.0383636 -0.239973
1.73461 0.0422981 -0.222522
1.82382 0.0448063 -0.219937
1.62637 0.0321382 -0.193739
1.62831 0.0276702 -0.184604
1.71234 0.0488463 -0.154454
1.59998 0.0605116 -0.0931453
1.67503 0.0482146 -0.0943273
1.71041 0.0474087 -0.0986263
1.72948 0.0359392 -0.00531259
1.72338 0.0385439 0.026767
1.73558 0.0223418 0.213696
-0.501333 0.019801 0.479482
1.50428 -0.00896304 0.427929
1.50116 -0.0248814 0.431065
1.51659 -0.00461526 0.431714
-1.0012 0.226004 -1.1409
-0.628853 0.125253 -1.33129
-0.483208 0.185186 -1.29088
-0.715799 0.209891 -1.19595
-0.609401 0.163148 -1.2559
-0.352544 0.217079 -1.24757
-0.483811 0.195451 -1.22636
-0.470492 0.154999 -1.26625
-0.720629 0.175954 -1.14343
-1.14612 0.142461 -1.06391
-0.993792 0.194278 -1.03646
-0.866832 0.215955 -1.03026
-0.711022 0.164055 -1.10165
-0.476418 0.168604 -1.12191
0.223159 0.0865565 -1.30703
0.239957 0.137683 -1.25005
0.308918 0.0619333 -1.28535
0.400703 0.0989717 -1.27491
0.877034 0.0250104 -1.43699
0.852265 0.027802 -1.418
0.339601 0.10473 -1.22816
0.968351 0.120825 -1.34273
-0.283363 0.0525947 -1.11052
0.850838 0.0219765 -1.37381
0.932474 0.144293 -1.28437
1.01329 0.127908 -1.31383
1.01514 0.178614 -1.25771
1.1335 0.137009 -1.30166
1.103 0.248899 -1.18569
0.741088 0.015235 -1.27998
1.17058 0.211338 -1.19969
1.17868 0.145146 -1.23856
1.20093 0.171571 -1.20906
1.15705 0.180905 -1.17941
1.01928 0.156182 -1.15408
1.10326 0.179278 -1.09386
1.00723 0.227663 -0.999686
1.26883 0.140322 -1.11624
1.8061 0.0308608 -1.30543
1.11929 0.187763 -1.03608
1.77578 0.0232572 -1.27141
1.28163 0.152708 -1.06768
1.10269 0.166061 -0.993115
0.992539 0.145618 -0.975125
1.14629 0.194263 -0.926112
1.03768 0.168124 -0.911865
1.31793 0.166738 -0.965612
1.11788 0.203825 -0.88718
1.16049 0.182805 -0.906934
1.51163 0.0153581 -0.902067
1.54155 -0.101522 -0.936027
1.3221 0.212279 -0.645868
1.64732 0.0422421 -0.786755
1.61865 0.0262895 -0.77654
1.66104 0.0721815 -0.759283
1.61238 0.0453077 -0.645869
1.65113 0.0448647 -0.64115
1.76791 -0.0157786 -0.673557
1.8288 0.0178698 -0.655615
1.90753 0.0147067 -0.654051
-0.19671 0.0244085 -0.322625
-0.125785 0.0437292 -0.302598
1.38104 0.0713896 -0.505441
1.59651 0.0671511 -0.517965
-0.10533 -0.00753673 -0.295833
1.43342 0.0750136 -0.478083
1.41229 0.00321937 -0.461082
-0.504323 0.00147811 -0.123035
1.60019 0.0633209 -0.36083
-0.501866 0.013562 -0.0780039
1.62457 0.0392765 -0.350027
1.60082 0.0582321 -0.27052
1.6638 0.0367608 -0.286094
1.75021 -0.0035548 -0.298791
1.81386 0.0231114 -0.288549
1.61476 0.0438938 -0.230774
1.71304 0.0375098 -0.235968
1.83095 0.0204849 -0.232299
1.61953 0.0461642 -0.186295
1.68554 0.0201978 -0.201842
-0.190631 0.100876 0.08926
-0.139419 0.157588 0.156311
0.0169421 -0.0663865 0.0967869
-0.364898 -0.0234654 0.172724
-0.170542 -0.395073 0.0420809
-0.0352544 0.021455 0.148833
0.124746 0.228792 0.193464
0.31607 -0.00685727 0.10092
0.345832 0.00666518 0.121668
-0.154957 0.0333829 0.205129
-0.0211217 0.013121 0.183198
-0.17287 -0.0204606 0.233056
0.375226 -0.0504069 0.162232
-0.130811 0.0839247 0.288999
0.0515097 0.00520536 0.250018
-0.149577 0.0320301 0.296199
-0.13047 0.0204077 0.318663
1.73311 0.0154425 0.210389
1.49412 0.00200647 0.43172
1.72767 -0.0127734 0.594696
1.53049 0.00262919 0.670635
-0.505444 0.083351 -1.33303
-1.11223 0.213252 -1.00962
-0.697824 0.226464 -1.09623
-0.862913 0.220387 -1.02898
-0.140865 0.0188706 -1.39107
-0.710266 0.168213 -1.10055
1.77323 0.0420343 -1.26891
1.42405 -0.0215094 -0.416104
1.61658 0.046799 -0.229891
0.248808 -0.00186094 0.0747589
1.64106 0.0164094 0.574547
2.01798 -0.0838294 -1.80063
0.338257 0.186357 -1.78545
0.326573 0.107638 -1.8649
0.334369 0.108574 -1.82779
-0.516417 0.182421 -1.57265
-0.778563 0.201664 -1.48248
-0.49343 0.236817 -1.48782
-0.63916 0.166747 -1.52605
1.30506 0.625294 -1.29535
-0.0260748 0.305123 -1.40088
-0.822886 -0.0170321 -1.61416
-0.625444 0.18424 -1.42312
-0.491649 0.230345 -1.37567
-0.0282539 0.292303 -1.36866
-0.0450026 0.312039 -1.32907
-0.043731 0.325795 -1.3062
-0.0325245 0.316382 -1.31758
-0.530091 0.052624 -1.51972
-0.0843908 0.113723 -1.51143
1.92232 -0.0961695 -1.90697
2.0068 0.0213868 -0.650606
2.02531 0.0236366 -0.652165
2.06395 0.014123 -0.639948
2.19476 0.0179641 -0.622983
2.21125 -0.00855596 -0.610138
2.09865 0.0162976 -0.543255
2.09208 0.0219809 -0.531992
2.17209 -0.00809071 -0.545154
2.05078 0.00930304 -0.520659
2.00941 0.0283081 -0.492148
2.07523 0.000430107 -0.513467
2.11912 0.0146043 -0.511051
1.37914 0.806831 0.00341482
2.14298 -0.0786012 -0.550164
2.01954 0.0182378 -0.471545
2.10942 0.0250342 -0.472782
2.11727 -0.0530746 -0.512669
2.02096 0.0181786 -0.450604
2.02442 0.0280565 -0.388414
2.06994 0.0122297 -0.374432
1.8977 0.0382997 -0.221872
-0.363633 -0.0339465 0.00065997
-0.14875 0.0775114 0.30738
-0.342929 0.0326352 0.32476
0.0980172 0.0126149 0.335111
0.0721079 -0.0413715 0.332339
1.64176 0.0658666 0.564725
1.60917 0.0604913 0.57855
1.63836 0.0567248 0.582014
1.62499 0.0214004 0.585638
1.75893 0.0369328 0.587342
1.64886 -0.00205964 0.59138
1.627 0.0579432 0.602159
1.80896 0.025685 0.594657
1.84725 0.0114388 0.591713
1.88945 0.00035242 0.589267
1.77896 0.0268453 0.599988
1.8171 0.0188678 0.603003
0.319259 0.264567 -1.64255
-0.610018 0.263349 -1.41798
-0.504888 0.139882 -1.5735
-0.736746 0.222446 -1.37484
-0.0643574 0.352787 -1.30137
-0.022468 0.454953 -1.20296
-0.014005 0.411814 -1.18425
2.10916 -0.0284428 -0.663731
1.88643 0.0393034 -0.487941
2.147 -0.0278976 -0.545844
1.95749 0.0136486 -0.494803
1.92351 0.0183298 -0.476
1.09628 -0.0263586 -0.425427
-0.235143 1.1859 0.351444
1.13126 -0.0365678 -0.381116
-0.29555 0.370809 0.217708
-0.98896 -2.14285 -0.73346
-0.3371 0.130811 0.185196
-3.25761 -12.1313 -4.20056
-0.304763 -0.0387567 0.144569
-0.169302 0.0484706 0.321364
1.92705 -0.0510138 0.579923
-0.780291 -0.254093 0.802866
2.02625 -0.0238339 -0.485985
-0.333842 0.732008 0.265425
-0.220799 -0.0742498 -0.0614589
-0.287391 0.937787 0.440224
-0.396409 -0.192154 -0.00817585
0.0593854 0.387007 -1.1954
-0.246667 -0.119501 -1.43289
-0.368297 -0.200348 -1.34295
1.65093 0.0431782 -0.395784
1.90596 -0.00326399 -0.408009
2.07322 0.100201 -0.326283
1.38645 -0.0588732 -0.346893
1.27956 -0.088233 -0.312002
1.04552 0.0898867 0.0610729
-0.336372 -0.0162103 0.295311
0.500803 -0.0542603 0.418395
1.60079 -0.167998 0.598694
-0.482701 0.00238662 0.453423
1.1587 -0.177786 0.600201
-0.426654 0.249882 -1.80126
-0.527747 0.195283 -1.85482
-0.828319 0.10515 -1.78104
-1.00484 0.115863 -1.75798
-0.955035 0.159056 -1.70927
-0.750186 0.224697 -1.63471
-0.77458 0.183232 -1.64353
-1.04399 0.016764 -1.82144
-1.01658 0.0349467 -1.80094
-1.00676 0.0659349 -1.68959
-0.999566 0.0917329 -1.64301
-0.954197 0.123741 -1.59945
-1.03518 0.0175342 -1.69425
-1.02072 0.031533 -1.66057
-0.977823 0.0586897 -1.6316
-0.9726 0.0958561 -1.58234
3.16297 -1.11026 -1.43013
2.31415 0.00503844 -0.637837
2.24847 0.0448307 -0.581652
2.262 0.0403051 -0.570548
2.44008 -0.0148066 -0.442919
1.62472 0.0676085 -0.407554
1.59893 0.0480591 -0.358311
2.29821 0.00220057 -0.272734
2.30224 -0.0197645 -0.261615
1.98711 0.0111018 -0.233556
2.32578 -0.0276585 -0.232334
2.39146 -0.0397622 -0.228777
1.96935 0.0301166 -0.208238
2.34586 -0.0160015 -0.208454
2.46527 -0.0831228 -0.154392
2.16605 -0.0201708 -0.117836
1.97829 0.00135603 -0.111632
2.28401 -0.0196343 -0.0844396
2.41441 -0.0454562 -0.0878986
2.33522 0.00329343 -0.0582865
0.0318518 -0.0326785 -0.20816
2.17881 -0.0436439 -0.00187342
2.15884 -0.0224374 0.0716396
1.94342 -0.0174546 0.133026
-0.0803555 -0.182003 -0.0655633
2.05974 -0.0409081 0.231792
2.09338 -0.0592655 0.225787
2.11074 -0.0681352 0.230248
2.32379 -0.121259 0.225809
2.14381 -0.098684 0.226047
2.07439 -0.0429428 0.27062
2.27277 -0.101673 0.285511
2.35714 -0.163173 0.276829
2.27326 -0.110286 0.296487
2.34206 -0.150033 0.294077
-0.0108241 0.59301 -1.30064
-0.817956 0.0732575 -1.81448
-0.9796 0.135109 -1.72239
-0.984934 0.109504 -1.59935
-0.601038 0.217177 -1.2562
-0.352517 0.173299 -1.29328
-0.600759 0.209083 -1.21186
1.2561 0.180616 -0.67143
1.2462 0.210266 -0.621447
1.23136 0.193075 -0.587378
2.07822 0.0220809 -0.640355
3.14229 -1.12947 -1.42291
1.32544 0.165932 -0.555624
2.95677 -1.0828 -1.33957
2.26496 0.0217064 -0.594212
1.24371 0.176546 -0.506223
2.11905 -0.0067391 -0.536619
2.25005 0.0128873 -0.503105
1.28058 0.125701 -0.430752
2.43666 -0.0371823 -0.390985
2.08905 0.0387919 -0.345236
1.94953 0.0399039 -0.323374
2.34171 -0.0429857 -0.301586
1.79121 0.0373401 -0.273619
2.33545 -0.058342 -0.263883
1.82462 0.0479878 -0.219933
1.67175 0.0353599 -0.103646
2.30034 -0.0147084 -0.0829178
0.518585 -0.0932636 -0.178785
2.25624 -0.0346357 0.257963
2.05477 -0.0207684 0.259912
0.316978 -0.0266482 0.158352
0.125564 -0.129241 0.184612
0.104104 -0.0888525 0.208846
1.50526 -0.0151364 0.427439
-0.347721 -0.0477814 0.303802
1.68339 -0.0310753 0.572363
1.75802 -0.0811402 0.576915
1.5497 -0.0280757 0.670313
1.53435 -0.0543727 0.677835
1.52236 -0.11182 0.673778
1.13555 -0.155176 0.664246
-1.14082 -0.822894 -2.64736
2.33066 -0.0289034 -0.193861
3.45115 -0.177036 -1.71168
2.7554 0.217993 -1.20249
0.286458 0.133419 -0.359223
0.491394 -0.0649546 -0.398379
0.379409 0.248093 -2.13656
0.381877 0.304085 -2.03269
0.193547 0.471915 -1.7395
-0.0516977 0.129068 -2.15618
0.347348 0.280822 -1.91726
0.319564 0.342554 -1.81268
-0.063084 0.119958 -2.09479
-0.0508754 0.0846131 -2.14207
0.338872 0.30796 -1.80139
3.66548 -0.01454 -2.14728
-0.670529 0.265996 -1.79022
-0.623661 0.289431 -1.75815
-0.675908 0.261167 -1.764
-0.639753 0.238391 -1.78956
1.12113 0.640943 -1.11951
0.00626163 0.510938 -1.28855
0.0266957 0.311978 -1.22888
0.208024 0.331868 -1.16881
0.163355 0.103962 -1.38208
3.21665 -0.128569 -1.37328
3.09362 -0.0770319 -1.3034
3.24902 -0.178661 -1.38426
3.1301 -0.115261 -1.31546
2.90152 0.146206 -1.05717
3.26928 -0.205314 -1.37247
1.19769 0.218972 -0.867217
1.22126 0.216859 -0.867089
1.33428 0.158785 -0.91412
2.66886 0.0232226 -0.917171
1.22845 0.215139 -0.831664
3.31539 -0.00923209 -0.737507
1.76384 0.0290464 -0.780833
3.16565 0.0714895 -0.555906
2.98217 0.0993915 -0.528331
2.09892 0.0113961 -0.671084
2.93915 0.0904157 -0.521422
2.95153 0.111282 -0.501198
2.9056 0.0831056 -0.520091
2.94791 0.116363 -0.447659
2.5131 0.0379604 -0.548073
2.9944 0.0911331 -0.453794
2.7429 0.0234164 -0.519457
2.05742 0.0230558 -0.589195
3.04132 0.0597908 -0.453781
2.50327 0.0296481 -0.516439
2.5461 0.00836165 -0.529351
3.02234 0.0641541 -0.422729
2.4228 0.00530382 -0.526016
2.60106 -0.0370284 -0.540663
3.04734 0.0682075 -0.406199
3.05441 0.0857247 -0.390416
2.89569 0.0858864 -0.398926
3.03686 0.0473488 -0.413887
2.94771 0.0621441 -0.401915
2.56361 0.0126779 -0.474707
2.88684 0.0606103 -0.389293
2.91803 0.0648501 -0.383279
2.51929 0.0402213 -0.408824
2.95595 0.105491 -0.298663
2.9148 0.0937688 -0.292638
1.93102 -0.000973344 -0.44828
3.00617 0.0493116 -0.276927
2.99547 0.060224 -0.251891
2.54586 -0.0115284 -0.350554
1.39475 -0.00965928 -0.459504
2.9397 0.0751133 -0.218001
3.01405 0.0515701 -0.226916
3.00132 0.0557678 -0.207329
2.90498 0.0892135 -0.155308
2.9396 0.0702801 -0.164483
2.55114 0.00175468 -0.23377
2.57469 -0.000722282 -0.187701
1.94562 0.0488111 -0.212564
2.50778 0.0525318 -0.0767109
2.50602 0.0541365 -0.0580789
-0.190524 0.0138168 -0.326254
2.13746 0.00313477 -0.0118022
-0.187445 -0.00268025 -0.314639
-0.171604 -0.0168508 -0.313787
-0.164284 -0.044258 -0.307622
1.80081 -0.0205507 0.0632438
0.392819 -0.400762 -0.336683
1.0275 0.197565 0.12732
2.46993 0.000170644 0.337229
2.42409 0.0266373 0.351725
2.50256 -0.0176186 0.340685
2.46163 -0.00224791 0.357656
2.4965 -0.0187404 0.354607
2.37516 -0.00868808 0.348159
2.40222 -0.0145532 0.348922
2.44715 -0.0160928 0.355508
2.4507 -0.00581768 0.369051
2.48417 -0.0208076 0.366729
2.42566 -0.00597034 0.372462
2.36335 -0.0237921 0.370578
2.41888 -0.0024032 0.396859
2.50511 -0.037938 0.392499
2.44543 0.00454148 0.413025
2.4385 -0.00879069 0.412155
2.46995 -0.0122301 0.415789
2.30341 -0.033908 0.393815
2.29438 0.0222631 0.428921
2.4301 -0.0115231 0.432285
2.4676 -0.0230607 0.432956
2.5034 -0.0312741 0.43465
1.12209 -0.0996491 0.194485
2.31383 0.0156621 0.443777
2.35005 -0.0026838 0.439743
2.50165 -0.0662435 0.447599
2.37725 0.115004 0.51969
2.30087 0.00995783 0.461227
2.35773 -0.00436788 0.471146
2.42375 0.0138836 0.490342
2.30072 2.32501e-005 0.471663
2.47504 -0.000958635 0.499008
2.52212 -0.0149472 0.500179
2.33461 -0.0119149 0.478887
2.45955 -0.00352504 0.50237
2.39368 -0.0177221 0.492817
2.34711 -0.00749467 0.497297
2.5231 -0.0282557 0.515719
2.36639 -0.0180456 0.502522
2.39865 0.00451276 0.519186
-0.239484 -0.0162139 0.105252
2.33094 -0.00111406 0.520673
2.41065 -0.0108125 0.528634
2.46855 -0.0186377 0.53364
2.36458 0.00663442 0.537149
2.27382 -0.000510785 0.526479
2.45431 -0.0270244 0.541713
2.4694 -0.0280037 0.543847
2.48916 -0.0353199 0.543988
-0.255714 -0.0133352 0.123245
2.2906 -0.0088922 0.532704
2.35186 0.00474133 0.548947
-0.0108683 -0.0276894 0.161983
2.24749 0.00596898 0.540377
2.27138 0.00689242 0.552167
2.35602 -0.00954696 0.557452
2.38634 -0.0115469 0.56137
2.39279 -0.000836033 0.567203
2.4194 -0.00151299 0.57798
2.26096 -0.000267776 0.568074
2.36034 -0.00103909 0.584175
2.37893 -0.0065545 0.58461
2.26328 0.00753981 0.586116
2.37923 -0.0151702 0.594891
0.696425 -0.0245701 1.04058
0.679834 -0.0245697 1.04229
0.0729971 1.31309 -0.62317
3.54412 0.072028 -2.03987
3.6629 0.0126256 -2.11718
2.41268 0.481091 -1.47958
-0.417066 0.255359 -1.81308
2.03797 0.638587 -1.25406
-0.680538 0.238674 -1.79815
-0.647387 0.224141 -1.81605
1.94771 0.592729 -1.28282
1.74888 0.513403 -1.33808
1.53012 0.46107 -1.36125
1.36273 0.500988 -1.29173
1.41227 0.448922 -1.34764
3.44128 -0.0297576 -1.85107
1.64951 0.334642 -1.39866
1.95627 -0.182712 -1.93546
0.126649 0.343052 -1.12026
3.27582 -0.146925 -1.42056
3.12531 -0.101674 -1.33259
3.28517 -0.191364 -1.38873
3.011 0.117112 -1.04682
0.897481 0.124807 -1.09316
2.69898 -0.0117037 -0.939768
1.40708 0.196066 -0.58524
2.87929 0.00743401 -0.597719
3.00204 0.0679644 -0.537862
1.66208 -0.342289 -0.976995
1.88114 0.0499423 -0.629719
2.96237 0.104978 -0.470481
1.81036 0.0421849 -0.60229
1.92321 -0.0158326 -0.636454
2.68938 0.0443489 -0.507729
3.01982 0.0798364 -0.445212
2.43565 -0.0152766 -0.544603
2.71397 0.000619362 -0.504041
1.47021 0.0073226 -0.589586
1.51518 -0.026358 -0.611384
2.58601 -0.0115426 -0.486816
3.09148 0.00322528 -0.418697
2.91425 0.048298 -0.382346
2.98302 0.0317372 -0.388393
2.90444 0.107098 -0.297604
1.43541 0.0655049 -0.472388
2.52833 0.0251031 -0.366033
1.15607 0.0758258 -0.425409
1.35554 0.0455093 -0.431119
2.96923 0.0437237 -0.243047
1.32601 0.0377728 -0.422118
1.42394 -0.0366277 -0.458337
1.17461 0.0407829 -0.417505
1.61295 0.0379566 -0.279121
1.06691 0.102067 -0.249535
1.0436 0.152454 -0.185852
2.41583 -0.00407002 -0.053531
1.29504 1.07909 0.57567
2.70628 -0.812098 -0.427086
0.35295 0.235322 -0.0319986
0.960551 0.401755 0.181473
2.13554 0.01014 0.120746
0.34995 -0.0366403 -0.139253
4.57875 -4.84484 -2.09317
0.430581 0.723351 0.420341
2.38928 -0.0146835 0.350873
2.46177 -0.032913 0.35304
2.33154 -0.0339142 0.362436
2.47655 -0.0220983 0.407446
1.29253 -6.71271 -3.20334
1.25134 -0.507367 0.00177948
2.4262 -0.0112167 0.434514
-0.196555 0.0315661 0.0676625
-0.230478 0.0228991 0.0709999
2.31088 0.00392434 0.455919
2.55339 -0.0821086 0.451983
0.126033 -0.332253 -0.0362911
0.99643 -4.19231 -1.77912
1.56811 -1.43904 -0.303961
2.34853 -0.0270127 0.507365
0.159255 -0.164835 0.107715
2.47479 -0.0393188 0.551678
0.883787 -3.204 -1.16869
2.35128 0.0118095 0.583434
-0.183556 -0.180783 0.112885
0.992557 0.307764 0.539195
0.444999 0.60265 0.600952
1.14053 -0.165188 0.376198
1.91089 -0.0351391 0.581107
1.87587 -0.0261275 0.590499
1.38462 -0.91894 0.137283
0.647374 -1.17359 -0.0389618
1.10833 -0.0678996 0.509688
-0.211986 -0.0160931 0.329737
0.437661 -0.022128 0.474873
-0.0520371 -0.0340319 0.470671
1.11326 -0.103181 0.839602
1.1019 -0.0674501 0.892792
1.25539 -0.549646 0.838396
-0.432892 0.162433 -1.92275
0.429877 -0.0255028 -1.30635
2.69987 -0.0368452 -0.931811
2.74194 0.0385211 -0.556351
1.20515 0.111431 -0.502768
0.431739 0.661255 0.336689
2.43868 0.0217758 0.354233
2.38854 -0.18157 0.275352
0.340966 -0.00824012 0.0829485
2.40164 -0.130333 0.334261
0.614105 -0.989354 -0.349852
-0.223133 0.0343341 0.0713999
0.791865 0.912697 0.673468
2.34885 0.00697247 0.545524
0.998415 0.271445 0.481026
-0.0562226 0.00715856 0.477354
1.46076 -1.17771 0.779307
1.40976 -1.00441 0.901778
