739
0.841476 -0.60911 -0.0851401
0.298227 -0.907405 0.406777
0.571242 -0.982837 -0.135869
0.449484 -0.848309 0.258848
0.815678 -0.742564 -0.257056
0.477357 -0.939705 0.101103
0.419241 -1.37242 -0.349326
0.667967 -0.425096 0.384412
0.467364 -1.0097 0.0294083
0.470124 -1.01438 0.00853699
0.537637 -0.856628 0.0922857
0.148402 -1.09175 0.427565
0.925085 -0.679238 -0.373998
1.08344 -0.587132 -0.566422
0.370589 -1.60278 -0.537877
0.526802 -1.06401 -0.143903
0.644353 -0.940738 -0.211772
0.587664 -0.976421 -0.137004
-0.0598022 -1.15595 0.61853
0.722982 -0.514374 0.218914
0.53392 -0.957168 -0.0297431
0.544421 -1.2091 -0.357563
0.881392 -0.624031 -0.0636497
0.487368 -1.10615 -0.130186
0.708268 -0.204896 0.559664
0.360702 -1.22155 -0.0637457
0.495749 -1.04141 -0.0715225
0.815979 -0.578268 -0.107848
0.683099 -0.645472 0.0910382
0.675649 -0.757197 -0.040362
0.63531 -0.810702 -0.0290926
0.348524 -1.22668 -0.0611926
0.222768 -1.14062 0.261941
0.759347 -0.73026 0.116074
0.529877 -0.615828 0.399239
0.488282 -0.667659 0.402167
0.477934 -0.749875 0.322779
0.29037 -0.922564 0.421937
0.431535 -1.37089 -0.369573
0.540171 -0.96147 -0.0480181
0.442887 -1.10142 -0.0553057
0.309331 -0.89455 0.4204
0.532656 -0.694689 0.309006
0.366149 -1.21526 -0.0831211
0.145869 -1.07986 0.447045
0.4935 -1.12135 -0.105153
0.663388 -0.420234 0.403457
0.130328 -1.10067 0.417707
1.0645 -0.584594 -0.588762
0.362619 -1.62356 -0.529153
0.439328 -0.860939 0.253701
0.482493 -0.670158 0.421819
0.505161 -1.0429 -0.0901029
0.524942 -0.612062 0.418529
0.607558 -1.10557 -0.32242
-0.0589483 -1.14633 0.639539
0.64684 -0.93446 -0.192744
0.645649 -0.796653 -0.0257473
0.545518 -0.684413 0.296064
0.571834 -0.998144 -0.160932
0.353469 -1.56223 -0.508524
1.06454 -0.594737 -0.547649
0.448595 -1.29404 -0.306663
0.841375 -0.670501 -0.349671
0.767617 -0.858969 -0.232164
0.987748 -0.773945 -0.21723
0.464506 -1.09359 -0.0147741
0.77217 -0.598431 0.0069021
0.0887073 -0.934857 0.00368091
0.301345 -0.98338 0.0504835
0.757275 -0.574979 0.0610317
0.511784 -0.861579 0.175435
0.732461 -0.556736 0.150204
0.212911 -1.03393 0.374743
0.261097 -0.67214 0.281387
0.699962 -0.458378 0.345526
0.725936 -0.248618 0.508315
-0.0303372 -1.16688 0.595059
0.372501 -1.60306 -0.529882
1.09191 -0.584842 -0.559493
0.423388 -1.36208 -0.344998
0.536012 -1.21244 -0.350356
0.59441 -1.14036 -0.355168
0.928828 -0.677912 -0.375112
0.589726 -1.11336 -0.313454
0.812239 -0.738642 -0.254713
0.649967 -0.933223 -0.210474
0.525784 -1.06568 -0.151033
0.482694 -1.10612 -0.135826
0.562857 -0.983063 -0.12784
0.836953 -0.598227 -0.124853
0.355545 -1.21811 -0.0652873
0.493998 -1.03362 -0.0738385
0.816505 -0.609297 -0.0861691
0.82437 -0.58224 -0.0584549
0.539024 -0.956394 -0.0303282
0.678593 -0.758751 -0.038882
0.632228 -0.810479 -0.0235399
0.450866 -1.00125 0.062746
0.473701 -0.939412 0.0972643
0.536406 -0.852011 0.0927776
0.680243 -0.646225 0.0917287
0.237214 -1.13088 0.251972
0.715157 -0.515146 0.221033
0.453236 -0.850971 0.250229
0.530485 -0.696908 0.30322
0.485915 -0.73473 0.32987
0.303135 -0.913112 0.40714
0.489754 -0.674558 0.397326
0.532428 -0.605731 0.392356
0.667145 -0.43291 0.379962
0.149659 -1.09121 0.427931
0.281905 -0.940769 0.421482
0.321295 -0.882901 0.418603
0.488111 -0.671671 0.409591
0.712681 -0.202193 0.557599
-0.0526145 -1.16427 0.617238
0.604393 -1.08857 -0.332621
0.360987 -1.53428 -0.474242
0.748988 -0.517474 0.144989
1.09443 -0.59921 -0.565509
0.91787 -0.68581 -0.374686
0.808339 -0.751912 -0.263222
0.826734 -0.589335 -0.144151
0.806493 -0.619241 -0.0771845
0.723603 -0.248836 0.502415
0.586296 -1.1428 -0.358433
0.589176 -1.11646 -0.307131
0.652875 -0.926866 -0.211288
0.529652 -1.06861 -0.150158
0.481824 -1.10485 -0.127527
0.571231 -0.985712 -0.1387
0.373907 -1.20091 -0.0693822
0.498005 -1.03237 -0.06734
0.429048 -1.10738 -0.042626
0.540676 -0.95187 -0.030599
0.474859 -1.02401 -0.00276648
0.483542 -0.972642 0.0403135
0.408233 -1.03884 0.0549689
0.449107 -0.994635 0.0739192
0.246898 -1.11493 0.236852
0.526302 -0.703 0.306985
0.485062 -0.743108 0.325001
0.297764 -0.932607 0.364029
0.154872 -1.0948 0.417181
0.278756 -0.941082 0.421437
0.321942 -0.889466 0.416865
0.485933 -0.679536 0.397342
0.534681 -0.614034 0.387996
-0.0512518 -1.15447 0.608309
0.241867 -0.972279 0.414501
1.21155 0.847049 0.543327
0.99661 -0.587157 -0.444421
0.864891 -0.706407 -0.279009
0.568911 -0.759543 -0.0539938
0.188688 -1.09586 0.400836
0.0101264 -1.15443 0.537484
1.02824 0.886712 0.388408
0.632766 -0.814246 -0.0237479
-0.903862 -2.17497 0.0471269
-1.04296 -1.9565 1.00456
-1.05059 -1.97167 1.02345
-1.04622 -1.95108 1.02046
-1.01149 -2.00182 1.04322
-1.0583 -1.93754 1.02929
-1.0206 -1.99684 1.0572
-1.04686 -1.95347 1.05973
-1.07189 -1.93431 1.06856
0.920059 -0.665354 -0.0968358
0.546167 1.17701 -0.211125
0.351071 1.27662 -0.12704
0.267863 1.30306 -0.072667
0.856533 1.05941 -0.175263
0.842061 -0.608762 -0.141639
0.479736 1.29039 0.119009
-1.05879 -1.98853 1.08284
0.361167 -1.48743 -0.418179
-0.790959 -2.41792 -0.300841
-0.83645 -2.41269 -0.279741
-0.925838 -2.30494 -0.0563653
-0.997801 -2.17082 0.0107153
-1.08984 -2.07959 0.253947
-1.09485 -2.06409 0.270944
-1.13185 -2.17629 1.08127
0.690859 -0.739105 -0.0319124
0.62825 -0.806036 -0.003748
-0.983556 -2.15899 0.0482668
0.537327 -0.695811 0.287255
-0.928083 -2.21927 0.0680464
0.492885 -0.71947 0.336904
0.540602 -0.615242 0.385798
0.486817 -0.676208 0.397022
-0.775657 -2.20157 -0.241242
-0.965868 -2.33347 -0.19858
-0.969557 -2.26166 -0.132975
-1.00383 -2.29113 -0.119221
-0.982666 -2.29832 -0.106189
-1.01466 -2.28971 -0.0868214
-1.04842 -2.22422 0.0201225
-1.05629 -2.18527 0.0838955
-1.05827 -2.15355 0.105207
-1.08781 -2.15119 0.156509
-1.08843 -2.15477 0.178827
-1.23341 -2.07781 0.485909
-1.22127 -2.04873 0.490798
-1.22668 -2.01473 0.554146
-1.30156 -2.02678 0.662274
0.60577 -1.11143 -0.350102
0.534713 -1.05683 -0.157479
0.564227 -0.993283 -0.125133
0.507885 -1.03113 -0.0694516
0.371166 -1.20105 -0.0572748
0.431955 -1.11343 -0.0406113
0.478427 -1.01971 -0.0292312
0.688297 -0.63465 0.095028
0.442687 -0.979408 0.0968044
0.238678 -1.17159 0.198709
0.247091 -1.11796 0.24464
0.314916 -0.918223 0.356933
0.282143 -0.949753 0.403659
0.327503 -0.877703 0.415639
0.158769 -1.08988 0.415327
0.178367 -1.07234 0.421014
-1.0951 -2.08025 0.252486
6.99766 1.61261 1.61464
5.41218 1.1764 1.70541
-0.317733 -1.18266 1.03705
0.0420318 -1.178 0.513705
-1.06529 -1.84944 1.1826
-0.550301 0.846035 0.0947575
-1.60654 0.866693 0.367249
-1.45586 1.17214 0.482139
-1.53716 1.08554 0.493455
-1.18513 -2.14492 0.318411
0.450433 1.61045 0.932437
0.478904 1.6024 0.954123
-0.573679 1.52406 0.952271
-1.51303 1.0876 0.486137
-1.24343 -2.03652 0.561725
-1.09498 1.42841 0.859589
-1.01841 1.33973 0.886338
-1.35719 -1.98835 0.837831
1.84141 -0.204284 1.43148
3.16166 -0.618685 1.77625
0.380795 -1.51394 -0.483497
-1.176 -2.07798 0.352515
-1.0336 -1.96108 0.409068
-1.36132 1.04655 0.208161
-1.44089 0.966177 0.228002
-1.36465 1.04822 0.226441
-1.4351 0.970501 0.240194
-1.44217 0.984051 0.2453
-1.74645 0.627554 0.313269
-1.5244 0.921721 0.320708
-1.52723 0.935877 0.328672
-1.46258 1.02504 0.321775
-1.42294 1.08323 0.321263
-1.47292 1.03599 0.334661
-1.69134 0.786846 0.369981
-1.53663 0.931715 0.344152
-1.3383 -2.1345 0.583429
-1.35187 -2.10396 0.662029
-1.37763 -2.119 0.672788
-1.39437 -2.13142 0.69496
-1.365 -2.09605 0.691764
-1.34367 -2.07684 0.688839
-1.35451 -2.08403 0.707444
-1.34724 -2.05658 0.711854
-1.47065 -2.20292 0.735327
-1.39541 -2.11097 0.734949
-1.37383 -2.08034 0.736877
-1.47082 -2.18719 0.759497
-1.39557 -2.0809 0.764109
-1.37787 -2.06895 0.762208
-1.41132 -2.06163 0.819733
-1.41324 -2.05288 0.845176
-1.30739 -1.7833 0.919354
-1.48976 -2.01807 0.952221
-1.36687 1.04844 0.222577
-1.43002 0.968053 0.238392
-1.53553 0.925077 0.324541
-1.43117 1.08355 0.315992
-1.45792 1.02215 0.322528
-1.68678 0.788782 0.372619
-1.52859 0.93239 0.342785
-1.68827 0.80851 0.383842
-0.976375 -2.30103 -0.251983
-0.940165 -2.29363 -0.244923
-1.04007 -2.22333 -0.0697612
-1.26633 1.48839 0.576344
-1.0555 -2.21091 0.027712
-1.03175 -2.13527 0.0624647
-1.06266 -2.18482 0.0709016
-1.0185 -2.10313 0.0964527
-1.10172 -2.13302 0.192039
-1.09046 -2.07149 0.251382
-1.21613 -2.20185 0.284062
-1.19231 -2.15125 0.325836
-1.19984 -2.13812 0.343796
-1.38067 -2.1204 0.67123
1.37497 -0.139721 0.716881
-1.17178 -1.68455 0.928366
-1.49761 -2.09617 0.972563
-1.19156 -1.65732 0.966371
-1.22451 -1.73667 0.978038
-1.33611 -1.84879 1.00607
-0.604027 0.684097 1.26787
-1.48423 1.02799 0.327657
-1.43948 1.07862 0.324744
-0.823948 -2.15486 -0.305704
-0.910478 -2.42311 -0.25349
-0.800264 -2.18151 -0.247526
-1.3665 -2.13665 0.719756
-1.35184 -2.07342 0.725796
-1.36126 -1.98913 0.837242
-1.32082 -1.87821 0.975768
-1.15629 0.597634 0.948009
-1.75269 1.11667 1.23988
-1.50889 1.11908 0.48722
-1.31432 1.33095 0.456497
-1.17117 1.48032 0.428854
-1.455 1.27385 0.581041
-1.48232 1.26327 0.592347
-1.46809 1.26878 0.587166
-1.44548 1.28376 0.582904
-1.44214 1.29076 0.581702
-1.48841 1.25777 0.603296
-1.49005 1.26243 0.617131
-1.39809 1.36065 0.599475
-1.22931 1.53641 0.571203
-1.33409 1.47683 0.668975
-1.44916 1.40217 0.747582
-1.41647 1.43534 0.742505
-1.41701 1.44581 0.74951
-1.47476 1.372 0.757562
-1.43101 1.42858 0.755207
-1.401 1.45406 0.749276
-1.45269 1.4174 0.767642
-1.51269 1.36011 0.824576
-1.46933 1.42941 0.82959
-1.41511 1.49843 0.860248
-1.52485 1.40222 0.885564
-1.41319 1.51264 0.868264
-1.42502 1.53045 0.93168
-1.41206 1.54232 0.928813
-1.39455 1.56289 0.927531
-1.35095 1.60775 0.920551
-1.40476 1.55223 0.934038
-1.36503 1.58428 0.931801
-1.35194 1.61909 0.968158
-1.39348 1.5821 0.980502
-1.83479 1.12235 1.04176
-1.90937 1.04917 1.05527
-1.85802 1.10937 1.04965
-1.92981 1.02021 1.06102
-1.88332 1.07671 1.05549
-1.88254 1.08467 1.055
-1.87732 1.09055 1.05589
-1.84165 1.12205 1.05329
-1.47668 1.51273 1.00969
-1.89151 1.06254 1.06748
-1.88564 1.07118 1.06513
-1.84729 1.11433 1.06215
-1.40967 1.58477 1.00367
-1.85826 1.10536 1.06446
-1.44059 1.55488 1.01882
-1.42144 1.57513 1.01537
-1.40249 1.60515 1.01401
-1.36022 1.62083 1.00403
-1.3618 1.63201 1.0062
-1.93858 1.02615 1.08913
-1.85808 1.11484 1.07894
-1.84566 1.11691 1.07522
-1.84894 1.12857 1.07662
-1.83989 1.13704 1.07672
-1.9265 1.03138 1.08883
-1.93138 1.02664 1.0933
-1.92439 1.03494 1.09812
-1.36271 1.5887 1.13474
-1.39989 1.55129 1.14078
-1.33343 1.60337 1.13737
-1.39836 1.52695 1.16332
-1.7541 1.16856 1.2086
-1.38062 1.5142 1.18026
-1.84912 0.952643 1.27129
-1.81835 0.995863 1.27021
-1.44107 1.27002 0.577179
-1.44229 1.31947 0.588637
-1.45211 1.30569 0.607229
0.503884 -1.04099 -0.0587327
0.411196 -1.11878 0.00547819
-1.40165 1.56845 0.935991
-1.41582 1.55594 0.948434
-1.39538 1.58831 0.946043
-1.82623 1.12056 1.04003
-1.39331 1.58086 0.984784
-1.91066 1.04957 1.05705
-1.84922 1.11724 1.05954
-1.40815 1.58686 1.00064
-1.41034 1.60314 1.00983
-1.94087 1.01816 1.07575
-1.88819 1.10891 1.07754
-1.44195 1.55548 1.01807
-1.41993 1.57398 1.01303
-1.38796 1.61276 1.00913
-1.83359 1.13341 1.07799
-1.8473 1.12623 1.08645
-1.48287 -2.24591 0.724869
-1.4968 -2.24449 0.767771
-1.40575 1.54719 1.14152
-1.41057 1.52906 1.14891
-1.38754 1.51956 1.16823
-1.74577 1.16046 1.2097
-1.39403 1.51276 1.18257
-1.87096 0.984613 1.23834
-1.82766 0.954001 1.27162
-1.3679 -2.64965 -0.0136234
-1.44101 1.55178 0.986417
-1.63208 1.00785 0.511721
-1.59881 1.02268 0.506484
-1.5392 1.10821 0.500441
-1.45593 1.1709 0.476924
-1.33369 1.39462 0.557162
-1.30717 1.42376 0.548483
-1.29191 1.45627 0.549986
-1.27936 1.43403 0.553747
-1.33258 1.42696 0.590246
-1.25441 1.56604 0.657684
-1.87148 0.980306 0.833917
-1.84122 1.00018 0.824496
-1.90771 0.953748 0.861817
-1.84015 1.00392 0.844716
-1.88445 0.963436 0.860397
-1.60113 1.28106 0.825948
-1.58351 1.30236 0.836323
-1.56782 1.30864 0.831262
-1.56818 1.32119 0.838605
-1.32554 1.55317 0.781563
-1.56102 1.33352 0.842073
-1.31157 1.57108 0.783389
-1.59203 1.30486 0.874936
-1.58561 1.32626 0.87711
-1.59489 1.32074 0.885722
-1.62676 1.30318 0.903801
-1.34432 1.57211 0.836851
-1.60345 1.3139 0.899702
-1.58813 1.34719 0.899683
-1.32334 1.58918 0.835429
-1.31604 1.59856 0.834854
-1.54523 1.42177 0.970573
-1.50931 1.45851 0.96303
-1.48917 1.48345 0.960085
-1.32352 1.64152 0.92273
-1.48693 1.47917 0.971583
-1.29245 1.66571 0.933001
-1.30188 1.66236 0.970866
-1.29393 1.67513 0.973677
-1.3167 1.67527 0.992085
-1.99162 0.968463 1.17422
-1.99412 0.979048 1.1815
-1.99505 0.990412 1.18548
-1.9867 0.988024 1.19568
-1.29626 1.64202 1.12276
-1.29126 1.65543 1.12305
-1.80853 1.10415 1.21595
-1.84219 1.06468 1.22497
-1.29023 1.66206 1.13224
-1.84886 1.02496 1.23916
-1.76412 1.09988 1.23705
-1.25556 1.64477 1.15399
-1.32912 1.57735 1.17208
-1.80894 1.03926 1.25211
-1.73259 1.05734 1.28046
-1.69465 1.09696 1.27666
-1.37664 -1.9428 0.953116
-1.71693 0.935184 1.33386
-1.46349 1.247 1.30556
-1.64268 1.04498 1.33389
-1.54894 1.10317 1.34345
-1.67082 0.954516 1.36503
-1.66805 0.948778 1.37046
-1.69137 0.82226 1.40382
-1.62789 0.917352 1.39858
-1.57511 0.977937 1.39599
-1.50263 1.08289 1.38735
-1.48591 1.08425 1.38201
-1.01142 0.873999 1.72845
-1.00277 0.899048 1.74336
-1.86343 0.995985 0.851794
-1.88423 0.963165 0.86188
-1.59636 1.28304 0.82673
-1.52649 1.34986 0.821723
-1.51194 1.37858 0.821687
-1.56738 1.33197 0.842445
-1.50463 1.38795 0.828627
-1.61763 1.30216 0.89597
-1.4683 1.42773 0.86256
-1.45791 1.45823 0.870034
-1.30185 1.67532 0.978833
-1.98912 0.988196 1.18262
-1.99094 0.977243 1.18907
-1.33765 1.6096 1.13042
-1.80865 1.10092 1.21667
-1.29657 1.65005 1.12776
-1.28057 1.60439 1.159
-1.2501 1.64431 1.15314
-1.80145 1.03891 1.25045
-1.72005 1.10073 1.26077
-1.75757 1.02515 1.28435
-1.71662 1.06614 1.27807
-1.71828 1.092 1.27529
-1.68529 1.10376 1.27442
-1.87571 1.0171 1.22351
-1.83142 0.951031 1.27445
-1.8191 0.975424 1.28925
3.95633 1.04456 -2.77419
-1.3223 1.52451 0.73923
-1.27218 1.60167 0.743135
-1.27445 1.632 0.843592
-1.78592 1.14055 1.21128
-1.76706 0.917677 1.33294
-1.61635 1.10646 1.31974
-1.56075 1.17571 1.30869
-1.72853 0.881215 1.35648
-1.72432 0.884463 1.35613
-1.57765 1.06621 1.34765
-1.5839 1.05618 1.35447
-1.61676 0.997279 1.36352
-1.5196 1.15178 1.34861
-1.51184 1.15292 1.34729
-1.57219 1.04226 1.35886
-1.56387 1.05593 1.35862
-1.44083 1.21113 1.34448
-1.53681 1.02589 1.3903
-0.930141 1.07933 1.66715
-1.33197 -3.82061 -1.17462
-1.26271 1.61562 0.779205
-1.51679 1.22508 1.35092
-1.62625 1.01214 1.36268
-0.331953 -1.17133 1.01235
-0.0428655 -0.77466 0.986196
-0.0104724 -0.766665 1.01651
-0.112566 0.524002 2.28317
-1.38433 1.53922 1.16292
-1.6177 -2.47664 0.629528
-1.03081 -1.99505 0.229265
-1.71114 0.984249 1.32122
-1.68585 0.993986 1.33648
-0.476994 -0.252597 -0.212965
-1.52457 1.09371 1.33442
-1.73423 0.871084 1.36426
-0.839797 -0.159081 1.02503
-1.01198 0.835628 1.72297
-0.903595 0.85211 1.73495
-1.34154 0.275169 0.622925
-1.17887 0.146576 0.67949
-1.13284 0.105063 0.709048
-1.13493 0.102269 0.732333
-1.42958 -2.00101 0.948198
-1.30842 1.6568 0.927022
-1.32221 1.67064 0.988761
-1.25162 1.73863 1.04524
-1.25768 1.64382 1.15296
-1.17288 0.137831 0.687629
-1.14312 0.0339828 0.90864
-0.621478 -0.115211 1.17403
-1.72624 0.572735 0.665386
-1.72981 0.62562 0.772845
-1.81123 0.736997 1.05749
-0.594281 -0.374324 1.20523
-1.16643 0.265213 1.82469
-1.74811 0.645581 0.83338
-1.70854 0.626176 0.890136
-1.81565 0.742605 1.01567
0.818158 -0.188663 -0.598058
-1.79893 0.727666 1.02517
-1.81312 0.748695 1.04419
-1.50869 0.41623 0.783815
-1.4943 0.430181 0.840705
-1.70746 1.0925 1.26546
-1.59532 0.52544 1.03216
-1.69245 1.10736 1.27495
-1.44564 1.0637 1.17308
-1.58748 0.529065 1.06359
-1.58379 0.543088 1.12633
0.359539 -0.713658 0.088294
0.524189 -0.844103 0.110871
0.52074 -0.869517 0.16229
0.448482 -0.851887 0.239767
0.317521 -0.913333 0.345393
-1.26282 -0.169867 1.07446
-0.551765 -0.37712 1.16998
-1.81122 0.747981 1.02623
-1.98734 0.975794 1.19965
-1.79408 0.777377 1.12863
-1.84305 0.955208 1.2741
0.531119 -0.461774 -0.174402
-1.56236 0.44937 0.944331
-0.971018 -0.0387498 1.14399
-0.943371 -0.0611563 1.13903
8.74375 2.69737 -4.07029
-0.985279 -1.91468 0.324117
-1.59652 0.521203 1.03672
0.741397 -0.694404 -0.392966
-1.70508 0.547989 0.523554
-1.30014 -1.8541 0.926391
-1.73483 0.575855 0.667035
0.709778 -0.869186 -0.21904
0.639056 -0.898045 -0.196997
0.500123 -0.705237 0.388577
-1.73665 0.641196 0.746538
-1.69952 0.618935 0.86031
-1.52148 0.428309 0.758504
-1.15088 -1.84496 1.05343
-1.76159 0.642884 0.742765
-1.55725 0.533499 1.23662
-1.1822 -1.67645 0.957363
-1.49568 -2.26202 0.689982
-1.49915 -2.24774 0.699099
-1.1916 -1.67484 0.973698
-1.35968 -1.91307 0.987301
-0.671661 -0.446109 0.325788
-0.961764 -0.0579818 1.08896
-0.908526 -0.0943091 1.08516
-0.965475 -0.0378793 1.14702
-0.901447 -0.099809 1.12618
-0.801016 -0.0916584 1.08725
-0.295693 -1.1952 1.0329
-1.73792 0.630058 0.842024
0.992508 -0.656278 -0.493675
0.627135 -0.560348 0.278161
-1.376 -2.04874 0.771042
-1.36854 -2.04629 0.780119
-1.47054 -2.03916 0.964463
-1.47144 -2.03303 0.981532
0.280085 -1.84869 -0.89844
-1.44353 1.54205 0.923303
-1.49724 1.49648 0.942362
-1.52787 1.45351 0.989652
-1.31365 1.66539 0.936307
-2.30062 0.847695 1.05635
-0.953619 -0.0462376 0.919169
-1.01662 1.43546 0.634746
-1.03069 1.43613 0.669121
-1.76815 0.661962 0.319362
-1.6888 0.683302 0.288289
-1.43846 1.46208 0.82239
4.00872 2.01746 -1.85607
-1.3678 1.36619 0.565277
-1.95562 1.6069 0.904843
-1.85994 1.06059 1.08647
-1.06877 0.0397579 0.928585
-0.95838 -0.0425525 0.921476
-1.3133 1.67381 0.988131
-1.85962 1.11667 1.06335
-1.25142 1.74219 1.04207
1.16097 0.88575 0.421094
1.22063 0.908123 0.664572
-0.721038 1.27941 0.32175
2.49986 -10.9019 0.860545
0.421038 -1.35799 -0.344242
0.525864 -1.20818 -0.347614
0.373352 0.803975 0.0975403
0.215015 0.429809 2.04685
0.186036 -0.338103 0.224492
-0.942078 -1.99588 0.195792
-0.948932 -1.97962 0.216895
-0.944522 -2.03825 0.941979
0.452586 -5.05146 1.31606
-1.15848 -2.36906 1.0307
0.391243 1.50271 0.0753396
0.334957 0.629223 -0.0548258
0.494799 -0.230881 -0.155566
-0.922222 -2.00884 0.197573
-1.1464 -2.13486 0.85266
0.48247 1.47108 1.40588
-0.967209 -2.00358 0.923838
0.0393256 1.49336 1.36787
-1.21189 -2.10736 0.966068
-1.10523 -2.16864 0.994507
0.390276 0.111349 0.116542
0.836037 1.17942 1.25743
-2.01863 0.739109 0.495004
-1.98629 0.733261 0.489228
-1.49799 0.432019 0.376729
-1.68619 0.673453 0.270745
-1.68954 0.697897 0.272857
0.62691 -0.892035 -0.0438224
-1.69919 0.546474 0.591153
-1.65965 0.503616 0.624751
-1.78024 0.667413 0.948475
-1.75028 0.653143 0.962029
-1.74645 0.637416 0.973063
-1.28343 0.155645 0.79284
-1.36632 0.161593 0.836822
-1.31829 0.157804 0.83528
-1.08184 1.14543 1.5227
-0.316918 -0.562919 1.52219
-0.248359 -0.609608 1.52051
-0.26494 -0.589993 1.57044
-1.60936 1.30193 0.890376
-1.35954 0.174938 0.814403
-1.55056 0.505455 0.814051
-1.51373 0.42754 0.868455
-1.42902 0.39824 0.877652
-1.45862 0.408913 0.89189
-1.75413 0.792422 1.20828
-1.71298 0.807769 1.20835
-1.59789 0.615244 1.09328
-1.74049 0.788143 1.22448
-1.735 0.773642 1.23226
-1.48139 0.510464 1.16504
-1.47835 0.515839 1.16485
-1.58053 0.572117 1.2084
-1.43269 0.384161 1.11356
-1.64825 0.737467 1.37359
-1.07114 0.08285 1.42893
-1.06807 0.0952956 1.46032
-0.62657 -0.223729 2.31696
-1.76764 0.805586 1.2046
-1.69552 0.53535 0.515132
0.856258 -0.611066 -0.153368
-1.72771 0.535075 0.508555
-1.68031 0.564642 0.565619
-1.96519 0.995284 1.06597
-0.644118 -0.301888 1.10973
0.933069 -0.686985 -0.357009
0.404351 -1.35949 -0.328635
0.519635 -1.1171 -0.285346
0.57 -1.02378 -0.271077
0.383184 -1.15997 -0.0572984
-1.37704 1.49104 0.599043
-1.2365 1.49317 0.542291
-1.38476 1.51715 0.632749
-1.87298 0.876944 0.64769
-1.37476 0.31111 0.739409
-0.279565 1.50983 0.0867003
-1.37308 1.47964 0.592348
-1.49122 1.5287 0.834632
