450
0.00981046 -0.00672288 0.0672461
-1.45609 0.205325 -0.692873
-0.0687777 -0.0072046 0.0677497
-0.339172 -0.00596181 -0.306808
-0.356975 -0.00265437 0.319395
-1.42693 0.187858 -0.634742
0.340512 -0.00012526 0.336155
-1.43091 0.216773 -0.687211
-1.40215 0.248966 -0.711561
-0.495734 0.014631 -0.456628
-0.111071 -0.0140205 -0.135164
-0.044272 -0.00665626 0.201717
-0.0983458 -0.000717941 -0.271592
-0.115682 -0.0112454 -0.0743671
0.531464 0.00901683 -0.457946
-1.40726 0.257147 -0.725584
-0.179914 0.00430271 -0.302313
-0.515494 0.0282747 0.489295
-0.156682 -0.0121715 -0.119162
0.325374 -0.0105059 0.189117
0.0347258 -0.00824417 -0.180132
-0.0461114 -0.0150005 -0.0394751
0.137442 -0.00768323 0.32704
-1.36209 0.247438 -0.706515
-0.338968 -0.00139381 0.190744
-1.46981 0.17434 -0.667279
-1.40232 0.23446 -0.655085
-0.122905 -0.0299564 0.0134129
-0.299147 -0.0118014 -0.0779398
-1.3272 0.190105 -0.69449
-0.162931 -0.00516859 -0.295174
0.0974609 -0.00959098 0.249356
-0.18173 -0.00374735 -0.0592338
-1.34175 0.222274 -0.673354
-1.40812 0.26614 -0.736433
-1.42799 0.247809 -0.662287
-1.40902 0.194347 -0.633568
-1.39458 0.211539 -0.729446
-1.44465 0.133743 -0.647694
-1.41589 0.140983 -0.631148
-1.34335 0.17602 -0.648289
-1.35657 0.130935 -0.695523
-1.01479 0.294307 0.818427
-1.37308 0.129708 -0.644702
-0.683543 0.0339326 -0.853585
-1.41378 0.0737189 -0.627987
-1.36442 0.0676411 -0.626466
-1.41616 0.062364 -0.62366
0.363069 0.00286632 -0.297844
0.114708 -0.00391738 -0.00639499
0.223339 -0.00201578 0.0731356
0.222456 -0.00975809 0.0863217
0.0224297 -0.0136765 0.138342
0.0322848 -0.00337239 0.262048
-0.137024 -0.00989542 0.285576
0.0822324 -0.0103033 0.338933
-1.00881 0.205132 0.824383
-0.619014 0.037547 -0.775111
1.24755 -0.00684095 -0.338432
1.18126 -0.0715461 -0.370994
-0.504106 0.0172718 0.42556
0.462094 -0.0253852 0.408383
-0.687952 -0.012076 0.749927
0.61902 -0.0335029 0.782046
-1.40044 0.277152 -0.726212
-1.36057 0.242642 -0.759687
-1.44101 0.251523 -0.725024
-1.38018 0.260627 -0.715477
-1.38139 0.00843252 -1.1102
-1.3144 0.132992 -0.82873
-1.48983 0.188067 -0.715542
-1.43025 0.21191 -0.681986
-1.34088 0.199381 -0.664854
-1.31881 0.172641 -0.685253
-1.2859 0.191912 -0.65886
-1.47647 0.162769 -0.673047
-1.47141 0.141412 -0.666406
-1.36787 0.126042 -0.686339
-0.683455 0.0337311 -0.841757
-1.40667 0.155529 -0.606443
-1.40044 0.122581 -0.634115
-1.35719 0.0813282 -0.652809
-1.36917 0.0675338 -0.629737
-1.30669 0.0267716 -0.610802
-0.487144 0.0235958 -0.446157
-0.330197 0.000306878 -0.296029
-0.18108 0.00375325 -0.294511
-0.100143 0.0121278 -0.286829
0.36293 0.00336298 -0.283267
-0.0987771 -0.00396548 -0.251392
0.0584604 -0.0127841 -0.177674
0.344667 0.0175166 -0.0830607
-0.288226 -0.00556714 -0.0714664
-0.182989 -0.0410061 -0.0894695
-0.164229 -0.025845 0.0186443
-0.121019 -0.0349878 0.040086
0.0197312 -0.025169 0.0790835
0.236261 -0.00890776 0.0892793
0.347155 -0.0137384 0.176844
0.0466864 -0.00449274 0.264377
-0.354686 -0.0134326 0.313135
0.0774163 -0.0195547 0.309368
0.143953 -0.00622021 0.323582
0.346547 -0.0153978 0.328838
-0.511011 0.0100038 0.476291
0.491673 -0.00888242 0.477183
-1.00652 0.341746 0.82662
-1.01795 0.344981 0.841139
-1.0098 0.299186 0.822976
-1.02555 0.33669 0.952243
-0.692233 0.0465899 0.802671
-0.990106 0.166526 0.933827
-1.44302 0.256079 -0.687551
-1.3444 0.245605 -0.709354
-1.35683 0.179384 -0.686415
-1.46545 0.167014 -0.657182
-1.31531 0.021052 -0.615833
-0.467533 0.0275472 -0.418482
0.500786 0.0226084 -0.435826
-0.328944 0.0117737 -0.258359
-0.183366 0.0115088 -0.261454
0.355543 0.0143748 -0.266867
-0.0574118 -0.00819309 -0.113532
-0.21248 -0.011003 -0.0836762
-0.23786 0.0317602 0.13688
0.263737 -0.0291017 0.0804646
-0.279429 0.00176711 0.139955
0.0720044 -0.0353562 0.2986
-1.02311 0.264109 0.827382
-1.00661 0.356336 0.940274
-1.02089 0.109868 0.832369
-0.999889 0.037037 0.865894
-1.30822 0.0658393 -0.676401
0.639216 -0.00852937 -0.849442
-1.03672 0.358969 0.86599
-1.02916 0.32357 1.10892
-1.27588 0.0742377 -1.14785
-1.7638 0.0301197 -0.82884
-1.73006 0.0530625 -0.667836
-1.74244 0.0409747 -0.655585
-1.74418 0.0195717 -0.638509
1.29542 -0.0953085 -0.370216
1.29856 -0.0830242 -0.356195
0.253396 -0.00461846 -0.201439
1.29454 -0.104251 -0.33872
-0.16712 -0.00883305 0.0256001
0.299341 -0.00250461 0.101189
0.294375 -0.024826 0.0900812
0.314235 -0.0147913 0.0971923
-0.278333 0.0282991 0.179755
-0.333426 0.00914807 0.193843
-1.21033 0.345765 0.825299
-1.10466 0.348845 0.831361
-1.21514 0.344338 0.832769
-1.1308 0.346357 0.833343
-1.15393 0.34179 0.840351
-1.09837 0.338358 0.83626
-1.13391 0.341857 0.869107
-1.20377 0.34263 0.913918
-1.13398 0.33977 0.916148
-1.09492 0.340441 0.916167
-1.12558 0.343444 0.927922
-1.1152 0.336748 0.933637
-1.19083 0.341642 0.947058
-1.1308 0.339911 0.94669
-1.09564 0.34399 0.948039
-1.186 0.339796 0.963739
-1.15841 0.343215 0.964059
-1.10866 0.340825 0.961701
-1.12911 0.335021 0.961273
-1.16956 0.338083 0.980199
-1.15273 0.338532 0.982001
-1.06647 0.33899 0.985525
-1.14639 0.338669 0.991655
-1.14522 0.33582 0.999608
-1.05629 0.341164 1.00309
-1.17718 0.337394 1.00627
-1.07843 0.339267 1.01249
-1.15963 0.336126 1.01915
-1.1486 0.335065 1.02047
-1.12804 0.336916 1.02683
-1.09122 0.337849 1.02997
-1.0211 0.342279 1.03409
-1.1144 0.330562 1.04476
-1.13305 0.337633 1.05958
-1.10972 0.330022 1.05372
-1.12861 0.337201 1.07847
-1.05796 0.343352 1.08571
-1.14687 0.336298 1.08719
-1.07658 0.33854 1.08794
-1.12677 0.335996 1.09246
-1.09719 0.337488 1.09265
-1.08635 0.337777 1.09201
-1.04145 0.338292 1.09783
-1.12857 0.332292 1.10258
-1.08296 0.334694 1.10924
-1.13242 0.328783 1.14195
-1.28641 0.0681744 -1.15451
1.52798 0.41328 -0.748253
-1.7326 0.0358998 -0.637379
1.47218 0.172896 -0.639505
1.46023 0.15238 -0.620874
1.42136 0.0522829 -0.550242
1.33239 -0.0285657 -0.401502
1.34539 -0.0774071 -0.422954
1.32991 -0.0945164 -0.399916
1.31137 -0.11974 -0.357704
-0.161364 0.0120771 0.302037
-0.194176 -0.0117264 0.312397
-0.140241 -0.00740048 0.313736
-1.12933 0.345598 0.852277
-1.13793 0.34752 0.89983
-1.12841 0.339011 0.950869
-1.08861 0.347527 0.957852
-1.15251 0.343517 0.985773
-1.13286 0.331405 1.02212
-1.09441 0.335389 1.0243
-1.09154 0.341829 1.06141
-1.13023 0.327667 1.07225
-1.73002 0.0262315 -0.6579
-1.6457 0.0252358 -0.644996
-1.56235 0.00739846 -0.678403
-1.34621 0.0327123 -0.643545
-1.34019 0.356716 0.912463
-1.37299 0.343366 1.09387
-1.32134 0.31819 1.11137
-1.44357 0.0411392 1.16677
-1.49758 0.205345 -0.66943
-1.40677 0.21683 -0.639398
-1.48507 0.181261 -0.676857
-1.4847 0.165426 -0.657623
-1.47875 0.156654 -0.642738
-0.0446734 0.00167506 -0.130224
0.336308 -0.00822157 -0.0565931
0.157443 -0.0071352 -0.00329131
-0.0878287 -0.0391851 0.0344683
-0.0688692 -0.0134481 0.0579649
-1.3446 0.340936 0.830542
-1.32836 0.345975 0.942914
-1.24642 0.340966 0.948385
-1.21439 0.338899 1.00147
-1.26449 0.343122 1.01948
-1.3319 0.346487 1.02861
-1.2462 0.343165 1.02451
-1.26035 0.341111 1.02832
-1.24618 0.338923 1.03067
-1.21892 0.3385 1.03399
-1.34308 0.335662 1.03727
-1.2457 0.349035 1.04696
-1.22469 0.339322 1.03819
-1.25289 0.344402 1.06056
-1.24695 0.339624 1.05844
-1.20251 0.328562 1.05493
-1.18743 0.339481 1.06151
-1.26736 0.33875 1.06692
-1.24491 0.338233 1.07033
-1.29716 0.343138 1.07914
-1.28647 0.34331 1.08235
-1.26608 0.3352 1.07724
-1.24275 0.339977 1.08465
-1.29544 0.329405 1.08311
-1.2825 0.337664 1.08699
-1.27718 0.332241 1.08992
-1.27893 0.343984 1.10503
-1.27002 0.339398 1.10222
-1.25827 0.343735 1.10519
-1.24524 0.336252 1.09976
-1.24447 0.337188 1.10995
-1.2654 0.337497 1.11435
-1.27488 0.340658 1.11982
-1.25582 0.34 1.1194
-1.20486 0.339964 1.12281
-1.2831 0.339733 1.13273
-1.19466 0.337583 1.1299
-1.22716 0.332732 1.13658
-1.21494 0.339639 1.14503
-1.01203 0.334865 1.14192
-1.34577 0.325224 1.141
-1.33137 0.334451 1.14648
-1.25128 0.33612 1.14737
-1.25523 0.334175 1.15495
-1.22524 0.334285 1.15314
-1.09156 0.335685 1.15425
-1.02834 0.332004 1.15253
-1.01179 0.334448 1.15348
-1.3377 0.299611 1.14631
-1.21652 0.312916 1.15357
-1.23359 0.320535 1.16361
-1.21789 0.236825 1.16084
-1.35683 0.193607 1.14347
-1.25093 0.213106 1.16147
-1.2244 0.185239 1.14988
-1.25157 0.202251 1.16478
-1.24144 0.110454 1.16301
-1.23354 0.0988176 1.16578
-1.11613 0.00724227 1.16872
-1.12525 -0.0108117 1.16952
-1.34295 0.345375 0.831064
-1.22593 0.342778 0.838222
-1.21636 0.341048 0.904689
-1.32393 0.347458 0.948984
-1.24648 0.344061 0.947689
-1.25977 0.34466 0.955588
-1.33 0.34627 1.02497
-1.24654 0.334695 1.01742
-1.25574 0.334191 1.06068
-1.01884 0.338199 1.07086
-1.27016 0.338222 1.10818
-1.34721 0.325299 1.14301
-1.2518 0.333945 1.14731
-1.02984 0.33276 1.15534
-1.25563 0.207694 1.17023
-1.35625 0.15733 1.14338
-1.32611 0.172816 1.16043
-1.35205 0.109781 1.15929
-1.13226 0.130342 1.17126
-1.35237 0.0377074 1.16437
-1.23427 0.0321693 1.16495
-0.0726715 0.0103101 -0.284481
0.145618 -0.00792395 0.0129198
-0.170752 0.0482247 0.273808
-0.235634 -0.00719321 0.311318
0.488617 -0.00778617 0.460746
-1.14149 0.161833 1.18423
-0.275168 0.00271573 -0.207631
0.433768 0.016891 0.458142
0.526214 0.0131703 -0.455898
0.542915 0.0106011 -0.441376
1.21684 -0.0284228 -0.351618
0.233175 0.00158139 -0.22346
0.250647 0.00941643 -0.209999
0.222848 -0.00163519 -0.210669
0.255835 -0.0037816 -0.205797
-0.280151 -0.0177977 -0.0797794
0.157086 -0.00952746 -0.0267285
0.11676 -0.00424146 -0.00143729
-0.15144 -0.0182472 0.0381198
0.00468842 -0.00438993 0.0709133
0.0272607 -0.0150421 0.0615536
0.0167566 -0.00872717 0.0955067
0.338839 -0.00230476 0.150382
0.299011 -0.00634703 0.184238
0.298045 -0.012875 0.193654
0.072414 0.00615752 0.333625
-1.21679 0.341268 0.983117
-1.2163 0.346325 0.999114
0.356153 -0.00367265 -0.291161
-0.273717 -0.00949375 -0.06834
0.1773 -0.0194147 -0.0313615
-0.113895 -0.0211872 0.0462785
-0.083142 -0.00735303 0.0588195
0.00734007 -0.00714134 0.0735916
0.000555526 0.0160924 0.165328
-0.326603 -0.000545844 0.183569
0.147357 -0.00508828 0.324496
-0.506807 -0.0090556 0.453996
-1.33419 0.336798 1.06249
-1.15166 0.345272 1.12232
-1.13283 0.339903 1.13242
-1.11116 0.339539 1.14268
-1.09666 0.327766 1.13662
-1.01028 0.331003 1.15317
0.213441 -0.00250727 -0.205543
0.274035 -0.0135156 0.105867
0.0742484 0.00193961 0.181328
0.163555 -0.0150394 0.305509
0.187751 -0.0201626 0.303324
-1.19188 0.348338 1.03002
-1.71509 0.358107 -0.890474
-1.6097 0.354536 -0.906911
-1.36612 0.319619 -0.9831
-1.6896 0.334539 -0.908196
-1.63187 0.326519 -0.924758
0.489966 0.080088 -1.46494
-1.52111 0.37349 -0.836825
-1.41491 0.368128 -0.849034
-1.44604 0.359691 -0.846692
-1.70878 0.0690239 -1.19417
-1.51114 0.349776 -0.834661
-1.43549 0.351614 -0.840868
-1.54985 0.33801 -0.83784
-1.5458 0.322095 -0.831119
-1.50534 0.340658 -0.814611
-1.50381 0.315555 -0.828015
-1.45431 0.24576 -0.758063
-1.57079 0.0828641 -0.93317
-1.46101 0.22592 -0.745771
0.29988 0.0123693 -0.0770451
0.327414 -0.00648339 -0.0726453
-0.16098 -0.0685986 -0.00413783
-0.198879 0.0113986 0.0812689
-0.0573774 -0.0174526 0.15302
-0.303576 -0.00306 0.179265
-0.320865 -0.00595833 0.190431
-1.71518 0.348315 -0.899417
-1.60584 0.354779 -0.90213
-1.36382 0.308095 -1.00066
0.494149 0.130384 -1.44817
-1.65961 0.315659 -0.932391
-1.52487 0.375316 -0.864387
0.475474 0.0960273 -1.4477
-1.67591 0.128125 -1.10192
-1.50807 0.363467 -0.811813
-1.44172 0.335534 -0.858195
-1.55033 0.329865 -0.840387
-1.50599 0.332766 -0.822948
-1.47394 0.318596 -0.842459
-1.56986 0.259716 -0.854441
-1.56747 0.0692515 -0.949353
-1.75991 0.0400065 -0.802996
-0.112508 -0.0161772 -0.0759768
0.332438 -0.0295206 -0.0740274
0.309434 -0.00627112 0.188705
-1.34522 0.326007 0.951985
-1.02602 0.34267 1.02824
-1.72539 0.330852 -0.913298
-1.53485 0.329268 -0.938662
-1.34513 0.336771 -0.947478
-1.57106 0.307026 -0.815347
-0.0611438 -0.000510999 -0.277463
-1.19409 0.342162 0.835207
-1.19329 0.338196 0.86313
-1.37641 0.294071 -0.9591
-1.38534 0.298643 -0.946835
-0.0986991 -0.000528615 0.00589053
-0.193979 0.0230872 0.291819
-0.103117 -0.00848163 -0.142032
-0.159352 -0.00997339 -0.130319
-0.158498 -0.0310792 0.0179323
-0.0408553 -0.0117606 0.189933
-0.199746 -0.0861263 -0.0511977
0.0499944 -0.0221789 0.304878
0.330407 -0.00721971 0.326206
-1.49908 0.197976 -0.73056
-0.0971829 -0.0050844 -0.27205
0.346208 -0.0101986 -0.0604838
0.647508 -0.891603 -0.717775
-0.504051 -0.000371239 0.457517
-0.447801 0.00664055 -0.383213
-0.0446862 0.00249132 -0.12879
-0.0389604 -0.00550995 -0.118395
-0.0177521 -0.0154245 -0.115771
-1.01447 0.335357 0.916634
-1.00811 0.330883 0.921462
-1.01637 0.323018 0.918242
-1.35431 0.0277473 0.929123
-1.14874 -0.962858 0.502691
-1.32809 0.345316 1.02786
0.231286 -0.00685648 -0.202035
-1.16244 0.304849 1.1507
