909
-0.0287033 -0.0173359 0.187272
0.345764 -0.00994129 0.314828
-0.107327 -0.00664571 -0.145402
-0.148529 -0.0141813 0.303455
0.32775 -0.00329481 -0.0771172
0.319798 -0.016126 0.16942
0.343347 -0.0107306 -0.0627436
-0.112917 -0.0106392 -0.0139696
1.42407 1.60131 0.651391
-0.107155 -0.012654 -0.282255
0.344162 -0.00428727 -0.315541
-0.0657935 -0.0181233 0.0427221
-0.344406 0.00641098 -0.311701
0.0163032 -0.0200897 0.0597909
0.0999527 -0.0188452 -0.0409045
0.493505 -0.00192339 -0.468111
-0.487382 -0.00931952 0.483803
0.499428 0.000684193 0.480209
-2.56275 0.189488 -3.14852
-0.0373087 -0.0226983 0.151912
-0.498196 0.00703502 -0.469328
-0.15985 -0.00235958 -0.126219
0.107477 -0.0150391 0.237856
-0.117097 -0.0345013 0.0176844
-0.168215 -0.0100178 0.326599
-0.108986 -0.0137341 -0.31914
1.08059 1.54543 0.577975
0.0936761 -0.0172854 0.323259
-1.98826 0.172207 0.0602079
1.22331 1.60879 0.632917
-1.9146 0.230217 0.0598801
-2.33034 0.136259 -3.31034
0.235773 0.00336728 -0.217424
1.1085 0.596745 0.560183
1.10517 1.61021 0.597851
-1.71689 0.22409 0.446533
1.05474 1.06508 0.557556
1.04049 1.05793 0.555583
-0.0451857 -0.00566386 -0.123016
1.08108 1.5881 0.584108
1.12042 1.51868 0.601693
1.05352 1.55205 0.572108
1.11243 1.52373 0.591582
-1.59195 0.216802 0.491466
-0.187144 -0.00772443 -0.31263
-1.79832 0.22508 0.205103
1.54636 0.964701 0.677827
1.02582 1.76518 0.539989
1.15311 1.61239 0.608172
1.13866 1.35256 0.596392
1.2447 1.34846 0.630432
1.51413 0.702712 0.662875
-1.61386 0.242429 0.0736042
1.24854 1.50759 0.360299
-1.54388 0.221117 0.448129
1.4109 1.60342 0.647152
1.3185 0.201882 -2.29576
-1.59784 0.248048 -0.154305
-1.56008 0.220242 0.457337
-0.336734 -0.002568 0.168108
0.0579728 -0.0425171 0.232377
1.62614 0.239761 0.649558
1.51753 0.939219 0.680172
-1.58043 0.213706 0.469187
-1.76896 0.228349 0.119196
-1.59554 0.238222 -0.140129
1.00548 0.256029 0.502181
1.19977 1.069 0.609705
1.1976 1.60456 0.608882
-1.84869 0.212629 0.320615
1.1083 1.57002 0.594781
1.532 0.928449 0.683211
1.19821 1.41473 0.616588
1.04545 0.65091 0.534649
-1.81946 0.226349 0.217471
1.12581 1.39704 0.600359
-1.87136 0.214703 0.294422
1.43532 1.44332 0.657226
-1.66577 0.222374 0.416953
-0.1631 -0.0193293 0.0228082
-0.0966804 -0.0296092 -0.00123477
-0.0302442 -0.0171964 -0.0465907
1.32913 1.39743 0.643694
1.18173 1.03006 0.610524
1.125 1.41239 0.589255
1.08649 1.41354 0.582871
-1.78575 0.225806 0.185481
1.64389 0.299271 0.649013
1.19741 1.44442 0.629022
1.2848 1.41168 0.640629
1.03708 0.683181 0.536425
1.31322 1.35625 0.655895
-1.77548 0.230764 0.382635
1.04142 0.484697 0.531215
-1.58482 0.250158 -0.161093
1.62332 0.767754 0.689427
1.05316 0.697525 0.54957
1.22592 1.40216 0.637116
1.35112 1.34515 0.521882
1.0455 1.40732 0.576413
1.24086 1.02939 0.626245
0.0466054 -0.0165642 -0.195538
-1.89105 0.222512 0.349274
1.05065 1.41749 0.565704
-1.87074 0.213974 0.313006
1.6019 0.831083 0.685021
-1.61314 0.224891 0.087472
1.15639 1.34597 0.61173
-1.39365 0.267842 -0.276648
1.44038 0.802855 0.657631
1.30612 1.33963 0.650234
1.45548 1.3841 0.665223
1.19251 1.46586 0.620406
1.40655 1.41211 0.677446
1.07467 1.40546 0.580552
1.86655 0.553701 0.700681
1.25042 1.4136 0.636466
1.25135 1.39789 0.638233
1.1837 1.07325 0.607175
1.64165 0.770378 0.683236
-1.69513 0.223053 0.451463
1.47892 1.43783 0.654773
-1.77062 0.22902 0.239102
0.139904 0.339755 1.35859
1.43557 1.3986 0.673176
1.07744 1.42317 0.583125
-0.572807 0.171001 -1.67181
1.53899 0.43813 0.647858
1.60636 0.800154 0.683548
1.51484 0.918687 0.680694
1.25684 1.44563 0.638012
1.12898 1.46311 0.59418
1.59697 1.09507 0.688013
1.33346 1.459 0.653609
1.38197 1.45702 0.666056
1.2585 1.45941 0.633005
1.58214 0.825322 0.670788
-0.0818206 0.325037 1.49315
1.10745 1.39915 0.595326
-2.87116 0.0974486 -2.25632
1.03151 1.40355 0.560777
-2.78194 0.0781829 -2.4849
-2.42744 0.172524 -3.12002
-1.82546 0.234841 0.292597
-0.741228 0.828854 -1.65975
1.41606 1.38718 0.673798
1.03351 1.44993 0.566598
1.18936 1.39592 0.621898
-1.86963 0.225979 0.352529
1.29765 0.412816 -1.96453
-1.61889 0.244021 -0.121468
1.55868 0.967788 0.67254
-2.70729 0.0970351 -2.41495
-1.63762 0.239559 0.0399985
0.139585 0.331793 1.26908
0.129801 0.325604 1.634
-1.74868 0.239046 0.277099
1.33239 1.39956 0.665447
1.50789 0.973244 0.680638
1.31116 1.43634 0.646867
0.00982389 0.314436 1.62479
1.37823 1.40886 0.656361
1.49309 0.715295 0.660721
1.52312 0.42961 0.648173
1.49933 0.919071 0.674518
1.6077 0.883813 0.686976
-1.75624 0.236881 0.275266
-0.318783 -0.0138558 0.17916
1.66154 0.538735 0.676197
-2.82484 0.045479 -2.16899
1.55406 0.157805 -2.59704
-0.672914 0.642531 -1.52794
0.0662104 0.3346 1.26522
-2.90352 0.098973 -2.31981
0.142121 0.349289 1.63136
1.14861 0.576171 0.573572
-0.629178 0.773682 -1.18488
1.02412 0.445944 0.51898
1.06278 0.448121 0.538811
1.27572 1.39325 0.647259
-1.32407 0.239274 -0.548352
1.59732 0.873253 0.682047
-2.46044 0.192112 -3.09738
1.62797 0.844629 0.680657
-1.83654 0.234152 0.264778
0.128946 0.255682 1.62985
1.39999 1.4085 0.664266
1.69474 0.775232 0.720111
-1.66917 0.237889 0.395213
-0.450228 0.733062 -1.73769
1.23443 1.44187 0.634437
-1.36491 0.2637 -0.581725
-1.82498 0.213577 0.234426
0.126024 0.0886145 1.63181
1.48402 0.917447 0.673357
0.560508 1.77031 1.16501
1.49803 0.454189 0.638633
1.44165 0.827452 0.659765
-0.0706448 0.320349 1.6275
-1.74093 0.226956 0.117534
1.57554 0.796249 0.67357
-1.78608 0.239732 0.167633
1.69525 0.264065 0.670838
-1.5679 0.128408 -2.87746
-1.833 0.208096 0.176039
1.78739 0.719066 0.714085
1.0847 1.16932 0.578797
1.74303 0.287021 0.673101
1.68514 0.287722 0.674617
1.20778 1.02539 0.620765
1.4671 1.40057 0.665286
1.54201 0.829922 0.674781
-1.75375 0.221584 0.0767363
-1.65792 0.238709 0.0171244
-2.81499 0.078176 -2.16705
1.43232 0.968931 0.65266
1.3655 1.38939 0.671517
-2.78008 0.0573293 -2.08311
1.48115 0.951373 0.672602
-2.42616 0.16731 -3.19357
-1.78448 0.236023 0.107429
0.0361138 0.32616 1.4989
-0.483445 0.550022 -1.71507
1.12918 1.16233 0.593926
1.48953 0.966369 0.664611
-0.738985 0.7751 -1.73717
0.133542 -0.0127617 1.61146
-1.6089 0.243793 -0.189911
1.73258 0.275202 0.679524
1.7882 0.745288 0.725416
-0.670432 0.68098 -1.52291
-2.019 0.0222148 -3.50729
-1.80566 0.235232 0.154441
-0.506602 0.528069 -1.70926
-2.13528 0.000295742 -0.168582
1.06578 1.1666 0.574342
-1.47445 0.251462 -0.187822
-2.93537 0.0567234 -2.13692
1.5491 0.836912 0.667113
1.24782 1.05076 0.618628
-1.77349 0.22395 0.143404
-0.74683 0.81608 -1.61176
-0.493108 0.511398 -1.69713
1.23216 1.08059 0.616006
-1.67251 0.225891 0.449345
1.67301 0.267895 0.656907
0.127945 0.184854 1.63614
-1.33456 0.271967 -0.097731
-2.77586 0.0956014 -2.15861
-2.53672 0.162265 -3.07115
1.71834 0.728018 0.677249
0.0428948 0.135868 1.62356
1.2495 0.485551 -1.88734
0.0480092 0.321229 1.63263
-1.83547 0.209864 0.306541
0.064331 0.334289 1.35646
0.141448 0.226378 1.63112
-2.5908 0.0269305 -1.36825
-1.45017 0.258134 -0.287143
-0.109259 0.113693 1.61266
-1.39263 0.252558 -0.435099
0.132251 0.2801 1.63276
1.27512 0.653219 0.615092
1.90727 0.335146 0.694242
0.131633 0.335489 1.47101
1.15347 1.16624 0.598357
0.0381905 0.330798 1.3712
-1.71009 0.130386 -2.85715
1.61013 0.966113 0.683983
1.49663 0.956251 0.675073
-1.88353 0.225093 0.096559
1.8505 0.0829726 0.486442
-0.268173 -0.0231734 -0.0873594
-1.66121 0.236042 0.0771586
1.22455 1.06622 -0.493925
-1.50876 0.234873 -0.12369
1.58106 0.77088 0.671083
1.69106 0.248984 0.671575
1.32645 0.649955 0.627602
1.45174 0.929245 0.660255
1.47878 0.840912 0.666725
-2.77578 0.163684 -1.82879
-1.55321 0.117891 -2.84912
1.53119 0.814711 0.676866
1.01282 0.224415 0.49847
-1.38608 0.247906 -0.115493
1.69105 0.735528 0.702111
1.63457 0.523539 0.668737
-2.74195 0.00692918 -1.62529
-0.511124 0.317938 -1.70671
1.05343 0.486188 0.602765
-1.63653 0.239694 -0.0666612
1.24806 1.16265 0.6324
-1.94298 0.216954 -3.08617
-1.81431 0.239362 0.129251
-2.78279 0.122109 -2.76972
-0.192781 0.190605 1.61971
-2.74259 0.095304 -2.70802
-0.0991356 0.0955342 1.61648
1.47924 0.880245 0.669792
-0.0903383 0.32037 1.37791
-3.00564 0.30822 -2.59607
-0.196064 0.339103 1.61055
-1.41742 0.247642 -0.440196
1.4599 0.917504 0.664383
1.58 0.858341 0.682451
1.61199 0.987463 0.694325
-2.77224 0.056635 -2.44187
1.6509 0.251519 0.66174
-0.494128 0.371328 -1.74453
-1.66137 0.231901 -0.117387
-0.108803 0.192496 1.6197
1.7148 0.52795 0.679477
0.013289 0.358662 1.60838
-1.44087 0.250676 -0.44791
-1.58948 0.241807 0.0628438
1.52135 0.638707 0.663733
-0.512101 0.28179 -1.71786
0.0148318 0.0640983 1.61623
1.516 0.899422 0.683746
-3.06171 0.380409 -2.77918
1.50553 1.15401 0.677517
1.22853 1.83228 0.824461
-1.67928 0.232042 0.121076
0.0843563 0.334649 1.35655
-0.0064261 0.256041 1.61504
-3.08991 0.2307 -2.68405
-1.68236 0.11754 -2.83829
1.25467 1.62404 0.135185
1.68067 0.781881 0.720211
-0.508579 0.351516 -1.69949
-1.85888 0.257659 -0.573035
0.0907031 0.338535 1.33404
-0.434075 0.745253 -1.74969
0.0483872 0.210176 1.63313
-3.1021 0.149974 -2.66968
1.50943 1.16002 0.686248
0.665226 -0.00460073 0.812626
1.60598 0.936919 0.699979
-1.58666 0.325202 0.061595
-1.97607 0.187586 -3.07343
-1.9324 0.199413 -3.07584
-0.198687 0.129601 1.61615
-1.42144 0.265454 -0.464812
-0.0637247 0.322079 1.5088
-2.76732 0.102296 -2.76915
1.2667 1.08001 0.623672
0.0480673 0.22216 1.62744
-2.77555 0.0378838 -2.19198
-2.13677 0.0226392 -1.77145
0.0498758 0.0903879 1.63395
0.0528108 0.0192634 1.62831
-0.0782937 0.115417 1.61319
-0.100111 0.205909 1.61504
-0.073737 0.133103 -2.72334
-1.65192 0.242228 -0.156391
-1.53575 0.154402 -2.89579
-1.54085 0.0980249 -2.94537
-1.47558 0.241355 -0.285125
-0.449292 0.158748 -1.83553
0.138677 0.329396 1.4038
0.125516 0.33853 1.33546
1.4268 1.14734 0.655363
1.86903 0.580998 0.704741
-1.8653 0.175532 -3.05781
1.34322 0.390178 -2.06693
0.0529086 0.323537 1.25829
0.113762 0.174673 1.63641
-0.664131 0.76143 -1.51938
1.06284 0.0663811 0.515195
0.0959541 0.338706 1.44975
-1.51832 0.108174 -2.94765
-1.94981 0.0690735 -0.0125247
1.91716 0.5833 0.679711
1.79219 0.754367 0.718588
1.62139 0.492572 0.665349
0.111612 0.244738 1.61812
1.18775 1.77759 0.450481
0.0688238 0.325818 1.39143
-2.70928 0.122978 -3.38799
-1.36408 0.251282 -0.461778
1.52695 0.626643 -1.71114
1.05135 0.136011 0.515678
-2.94752 0.233358 -2.69425
-0.495713 0.453449 -1.69403
0.10132 0.334475 1.31253
-0.0664009 -0.0837923 1.57524
-2.73504 0.238223 -2.9184
-1.60257 0.0996924 -2.85659
1.0821 1.02268 1.05454
1.70544 0.775738 0.695716
1.68833 0.429634 0.678453
0.149029 -0.0310184 1.60414
0.0485086 0.219938 1.61146
-1.55432 0.0922247 -2.8288
-1.79753 0.190549 -3.02685
1.26767 0.303857 -2.28115
1.38173 0.627184 0.628019
-2.87046 0.0609436 -2.54128
1.50744 0.487729 0.644809
0.0914188 0.328443 1.46691
-1.7171 0.253192 -0.220258
-0.643508 0.783416 -1.6574
-2.83841 0.0924057 -2.5281
0.0201105 0.0665688 1.60463
0.111368 0.334946 1.29017
-2.72727 0.186504 -1.79247
-0.376514 1.00177 -1.05469
0.0612523 0.252276 1.61834
1.12362 0.117421 0.595428
-2.9411 -0.000877715 -2.80678
-0.0648651 0.229237 1.61652
1.90344 0.449373 0.700815
0.0249054 0.333226 1.27165
-2.92273 0.261256 -2.67887
1.44867 0.184534 0.606269
-0.471928 0.650604 -2.27087
1.01245 0.000382906 0.494539
0.111885 0.328062 1.47297
-0.0410682 0.0380422 1.61573
-1.88031 0.254996 -0.618836
-0.438372 0.190272 -1.81893
-1.99318 0.218212 0.0587169
1.49164 0.880437 0.680759
0.0174722 0.222643 1.62436
0.103231 0.333799 1.27033
-0.975179 0.433017 -2.54016
-0.0167665 0.253614 1.62805
-0.674794 -0.021036 0.81182
0.0600927 0.337732 1.33252
1.90962 0.469727 0.693767
-1.48408 0.109505 -3.00731
0.0283514 -0.0219894 1.6084
0.0154278 0.332009 1.5289
-0.0732147 0.0981046 1.63189
-2.10833 0.198727 -0.20167
-0.0399389 0.334351 1.3268
-0.649927 0.780884 -1.54775
1.41827 0.0656746 0.597203
-1.44003 -0.0189144 0.196874
1.23457 1.78225 0.482539
1.65731 0.516654 0.669169
1.67368 0.773981 0.702405
1.48139 0.660566 0.653384
1.34955 1.78431 0.49543
-1.8132 0.264668 -0.564448
0.464741 0.751124 -1.97474
1.75131 0.723412 0.69567
-0.772082 1.07523 -1.41787
1.10044 1.77803 0.341894
-2.85286 0.168875 -3.59731
-2.15688 0.378419 -3.07134
-0.544032 0.745615 -1.46163
-0.529862 0.681014 -1.5977
1.45248 1.63185 0.575084
2.05074 -0.528112 -3.71878
1.21207 1.54294 0.600153
1.20647 1.53689 0.608203
1.18113 1.5155 0.618824
1.21011 1.51368 0.622866
1.22829 1.51164 0.627921
1.30926 1.16117 0.64432
1.34675 1.15691 0.656154
1.10081 1.07114 0.580823
1.11429 1.05465 0.588738
1.10338 1.04116 0.574318
1.11457 1.03472 0.582577
1.12423 1.03158 0.588156
0.995982 0.975873 0.525097
1.10963 1.0175 0.579072
-1.15747 0.0434065 -0.49791
1.21952 0.858904 0.623684
1.25671 0.850114 0.622232
1.0769 0.992012 0.808384
1.26453 0.84748 0.626967
1.13832 0.840218 0.630514
1.15417 0.791505 0.589006
1.11809 0.772268 0.574275
0.23811 -0.0222435 0.0646685
1.53407 -0.129745 -2.72921
1.24715 0.0108384 -2.25812
-0.668781 0.107165 -1.636
0.92897 1.34517 0.707034
-1.79245 0.235278 -0.698101
-1.27386 0.223676 -0.618083
1.03062 1.06128 0.502656
-0.66816 -0.00128555 -0.850353
0.605436 0.0262912 -0.872781
-1.42549 0.307899 -0.267376
-1.50272 0.273964 -0.136552
1.0642 0.891109 0.563606
1.31443 0.899519 0.642108
1.03639 0.722305 0.501249
1.24109 0.830602 0.637129
1.38506 0.759318 0.695588
1.22451 0.505137 0.483928
-1.43464 0.0580919 0.302702
1.07857 0.359721 0.542936
1.24951 0.383186 0.624919
2.70703 -4.13197 -3.46995
1.55787 0.349364 0.667409
-0.380944 -0.0316013 0.431131
1.33993 0.398499 0.911031
0.617195 0.00983604 0.79715
0.11221 0.341228 1.31575
-0.00701658 0.290013 1.38588
0.0935179 0.0154545 1.23011
-0.195672 0.0961739 1.31574
-0.776108 0.939606 -1.59519
-0.50701 0.797582 -1.98253
-0.440063 0.626494 -2.30086
-2.40959 0.17929 -3.20489
-2.3037 0.180229 -3.21474
-2.20784 0.187812 -3.20538
-2.52317 0.205303 -3.06864
-0.734941 0.844446 -1.61871
1.43079 1.43023 -0.347983
1.02113 1.77063 0.551967
1.07014 1.76429 0.53411
-2.41873 0.166529 -3.12521
-1.95118 0.227706 -3.01342
0.434238 0.711342 -2.01766
-2.52212 0.147934 -3.09643
-0.82831 0.836354 -1.55857
-0.741831 0.840035 -1.55488
-2.79838 0.13431 -3.04628
-1.79967 0.160431 -3.08274
-2.93472 0.335164 -2.48176
-2.93183 0.242472 -2.70917
-2.72536 0.159878 -2.83211
-0.466115 0.725794 -1.67597
-2.69633 0.0845088 -2.95945
-2.7119 0.163868 -2.72411
-1.72193 0.121206 -2.89627
-1.6665 0.0672046 -3.0399
-2.83014 0.0905771 -2.82657
-1.55556 0.125473 -2.85911
-1.6847 0.114632 -2.81782
-1.61302 0.0905579 -2.86874
-2.81258 0.12138 -2.55202
-0.0939321 0.100238 -2.76077
-0.49341 0.546628 -1.70153
-3.08082 -0.0409484 -2.73613
-2.67445 0.127695 -2.40617
-2.76315 0.0846895 -2.43805
1.16431 0.492473 -1.86897
-2.87734 0.111123 -2.32942
1.82652 -0.449658 -3.87752
1.33404 0.416663 -1.95911
1.04192 1.597 0.563513
-2.79558 0.0834427 -2.30118
-2.68389 0.1144 -2.24745
1.11781 1.60148 0.582643
-2.80131 0.0215905 -2.38062
1.06881 1.59477 0.599762
1.15637 1.59642 0.594724
1.19166 1.60785 0.616576
1.38209 0.124361 -2.43681
1.22144 1.61031 0.637981
-0.455419 0.374826 -1.72263
-0.137318 0.0854091 -2.3354
1.20742 1.55613 0.550356
1.11334 1.56293 0.590702
-2.81916 0.0386842 -2.15928
-0.499349 0.384438 -1.63727
1.02348 1.55475 0.600729
1.07311 1.54693 0.582182
-2.77342 0.0327432 -2.13798
6.47308e+008 -7.91895e+008 -1.61658e+009
-2.74259 0.0529845 -2.01804
1.10729 1.52246 0.593955
1.1228 1.52629 0.600314
1.15085 1.52976 0.600688
1.2099 1.52871 0.598967
1.18136 1.52217 0.605843
1.20436 1.51333 0.606011
1.21824 1.52621 0.632431
1.11935 0.418839 -1.44458
-2.78514 -0.0117708 -1.95344
0.773419 1.73086 1.08495
-0.47681 0.156282 -1.76379
5.58166e+008 -7.35841e+008 -1.40892e+009
-0.56971 0.178697 -1.66858
1.09704 1.44362 0.561196
1.18693 1.38944 0.477535
1.15416 1.46119 0.611108
-2.70888 0.0229781 -1.75637
-2.09714 0.0355862 -1.76184
2.37969 -0.66421 -3.30987
1.22763 1.45202 0.611231
-1.88536 0.0512676 -1.70958
0.768188 1.70245 1.10769
1.2515 1.46125 0.644257
1.25464 1.4735 0.665123
1.07073 1.40976 0.582281
1.2986 1.44861 0.636413
-2.00131 0.0449626 -1.63674
1.34698 1.43467 0.628876
1.35629 1.44463 0.64809
1.15385 1.40505 0.608331
1.33323 1.28303 0.383947
1.7669 1.12048 0.0786622
1.03221 1.36036 0.558186
1.17713 1.40803 0.629512
1.41014 1.4394 0.668416
1.18085 1.62844 1.01241
1.05131 1.35199 0.563925
1.28017 1.40926 0.644612
1.32768 1.3971 0.643158
1.12487 1.35077 0.591414
1.71096 1.08219 0.103459
1.35259 1.40626 0.671726
1.38497 1.39205 0.648205
1.41373 1.40446 0.665694
1.16935 1.35486 0.622903
-2.60305 0.0246524 -1.37913
1.20562 1.35422 0.631193
1.26798 1.35294 0.630738
1.44948 1.39828 0.68895
-1.77239 0.265511 -0.748792
0.9582 1.27636 0.736094
1.00123 1.11205 0.52766
-1.83333 0.251382 -0.568614
-1.41411 0.228243 -0.589151
-1.1701 0.284593 -0.525961
-1.81451 0.257976 -0.508746
-0.694066 -0.00316317 -0.893978
-1.34925 0.200392 -0.554013
-1.4242 0.251341 -0.444658
1.03639 1.03664 0.563733
1.09658 1.10281 0.657604
1.26265 1.07073 0.621919
-1.30366 0.093587 -0.598171
0.997697 0.977772 0.524174
1.19327 1.04912 0.616668
-1.44355 0.234488 -0.345177
-1.37387 0.252806 -0.325692
1.20607 1.02045 0.61108
1.23894 1.03455 0.627972
1.59864 1.09232 0.694031
-1.40531 0.245424 -0.306119
-1.17089 0.0234208 -0.529696
-1.50979 0.237757 -0.214458
-2.07811 0.2333 -0.151016
1.44302 0.959189 0.656324
-1.59869 0.2482 -0.127592
-1.47579 0.241807 -0.148569
1.42757 0.949317 0.655787
1.49069 0.961663 0.666492
1.51899 0.964345 0.671617
1.62819 0.976467 0.677576
-1.39508 0.2344 -0.136968
-1.33045 0.237974 -0.124949
-0.485473 -0.00798535 -0.466444
1.55026 0.96073 0.68261
1.60875 0.960002 0.679582
0.485396 -0.0061197 -0.467654
1.53735 0.942157 0.677747
-1.61116 0.242548 -0.064839
-1.5477 0.195946 -0.0976624
1.26309 0.853078 0.60918
1.4493 0.912948 0.675922
1.64561 0.914801 0.693928
-1.75197 0.239726 0.0204173
-1.57914 0.252034 0.032187
-0.33134 -0.015948 -0.323056
1.59012 0.878055 0.68181
-1.95976 0.236806 0.0493746
-1.80155 0.233689 0.0451318
-0.089242 -0.00145053 -0.292451
0.340492 -0.00169253 -0.305081
1.47013 0.85681 0.677202
1.62407 0.870157 0.688818
-1.63411 0.249461 0.073337
-1.92388 0.227993 0.0819143
-1.65884 0.239551 0.0828132
-0.123722 -0.0183189 -0.257839
1.05825 0.707517 0.549749
1.44788 0.825448 0.675882
1.57953 0.839544 0.688315
-1.7947 0.22615 0.0987561
-1.61769 0.234014 0.10186
0.206317 -0.00327512 -0.229175
1.04644 0.675754 0.533074
1.52713 0.839347 0.706137
1.64301 0.824514 0.69053
-1.93689 0.225414 0.122083
0.177933 -0.234426 -0.468154
-0.0903387 -0.00226589 -0.171228
0.0779661 -0.0150046 -0.189586
1.03115 0.657903 0.553331
1.46237 0.771489 0.665753
1.6311 0.796065 0.69073
-0.169295 0.0116241 -0.129245
1.58071 0.76207 0.670113
-1.86264 0.220012 0.175717
-0.0582984 -0.00377807 -0.127013
0.340851 0.0107303 -0.12256
1.62617 0.760749 0.684668
1.73886 0.769196 0.69308
1.93248 0.518812 0.427477
-1.82275 0.224102 0.219082
-0.231689 0.00971461 -0.0591726
0.342152 -0.276141 -0.390789
1.49443 0.697212 0.649832
1.11101 0.590047 0.560901
1.29813 0.643512 0.615675
1.64915 0.724439 0.695656
1.74005 0.739948 0.711374
-1.76197 0.229023 0.267149
-0.0919187 -0.323848 -0.381198
-0.027902 0.352774 0.352889
0.0302856 -0.312603 -0.369994
0.120478 0.0228103 -0.00785211
1.50053 0.656429 0.648525
-1.4251 0.191778 0.237958
-0.232595 -0.420564 -0.458136
0.17242 -0.0504356 -0.0652688
0.325893 0.0678305 0.0557841
1.15124 0.570154 0.574405
-1.84167 0.234994 0.326764
-1.82212 0.208826 0.305403
1.52086 0.622195 0.666402
-0.072041 -0.588355 -0.55967
1.03106 0.456324 0.528036
1.12542 0.498039 0.570293
-1.65845 0.237082 0.384356
0.253153 -0.0277981 0.0637591
1.09607 0.621754 0.716874
1.62792 0.593103 0.675068
0.016146 -0.0091622 0.108701
0.343493 -0.0160716 0.0935351
-1.72342 0.219537 0.425637
-1.65664 0.227856 0.432924
-0.0149108 -0.0197463 0.143207
0.27154 0.151779 0.308053
-1.53084 0.21826 0.438622
-1.44134 -0.0138638 0.200675
1.58377 0.51956 0.670633
1.62887 0.523638 0.674922
1.66157 0.531449 0.681741
1.71853 0.526387 0.677995
-1.54677 0.240169 0.480456
-1.52754 0.223779 0.478852
1.49401 0.451395 0.637595
1.72342 0.502713 0.683718
-1.58821 0.218794 0.494539
0.100027 -0.006466 0.236506
0.352053 -0.0333482 0.203445
1.52863 0.44933 0.653915
1.54539 0.54213 0.746218
1.00657 0.272621 0.506437
1.65564 0.470747 0.693946
0.0703344 -0.0318744 0.252482
1.69818 0.448261 0.682905
1.74617 0.463277 0.696558
-0.327253 -0.0172069 0.314345
-0.188636 -0.00847317 0.318849
0.072239 -0.0440109 0.281846
0.169556 -0.0119192 0.309869
0.341806 -0.0120004 0.30847
1.89445 0.424687 0.693254
1.64663 0.30651 0.653145
1.46106 0.266585 0.63411
1.91097 0.333271 0.69036
1.43295 0.233539 0.626571
1.66363 0.282207 0.671164
1.72907 0.303474 0.68836
1.68155 -0.2371 0.220036
1.61968 0.249127 0.652947
1.89686 0.289586 0.688373
-0.484742 -0.0119944 0.473688
0.497362 0.00336288 0.468454
1.39294 0.139256 0.595835
1.01917 0.00137897 0.493581
-0.671967 -0.0170384 0.798851
0.657104 0.00298268 0.813027
0.0356255 0.331338 1.26114
0.00224819 0.350606 1.28206
0.0774089 0.331516 1.27254
0.142072 0.327064 1.28182
-0.0509008 0.35504 1.31134
-0.0527876 0.325588 1.31514
0.0990764 0.293375 1.30079
0.0638247 0.340137 1.34913
0.0841027 0.333785 1.34858
0.134826 0.343966 1.35173
-0.0819378 0.330567 1.36903
0.0416475 0.322853 1.36795
0.14674 0.333926 1.36936
0.0632661 0.320192 1.41121
0.12192 0.334262 1.42972
0.130491 0.339975 1.46724
0.0911934 0.324657 1.47005
-0.0817066 0.325036 1.49164
0.0389631 0.326464 1.49429
-0.170587 0.353175 1.52984
-0.0146814 0.365964 1.61018
-0.196028 0.362052 1.62012
0.132471 0.361949 1.63164
-0.185758 0.340579 1.64041
-0.0705256 0.314372 1.6263
0.00492131 0.34268 1.64196
0.0555683 0.322646 1.63087
0.123857 0.307007 1.63356
-0.0604235 0.195972 1.596
0.140131 0.225392 1.63391
-0.189403 0.153047 1.60756
-0.119776 0.126523 1.6058
0.119727 0.20461 1.64525
0.0462407 0.111654 1.60911
0.00630283 0.0311807 1.61439
-0.0644784 -0.0151363 1.60503
-0.0442885 0.00770261 1.61522
0.027515 0.0229769 1.6216
0.0706246 0.0268985 1.62355
0.121353 0.0520691 1.6347
-2.79265 0.115977 -2.95601
-0.486604 0.63913 -1.83869
0.581979 0.294646 -2.72547
-2.72597 0.10875 -2.74623
-0.53989 0.707994 -1.58551
-1.12942 -0.0339928 -3.11188
0.0930813 2.27748 2.02128
-0.551381 0.622807 -1.60134
-2.77117 0.0533215 -2.58931
-0.489286 0.532833 -1.72394
-0.432957 0.139603 -2.56036
-0.120774 0.114066 -2.66257
-0.564812 0.479598 -1.74742
1.0912 1.56508 0.500359
1.08909 1.59951 0.577041
-0.1168 0.0879144 -2.33974
1.05222 1.53925 0.578598
1.22673 1.56334 0.613608
1.21817 1.52671 0.623694
-2.03715 0.0175809 -1.7466
1.25056 1.46476 0.658756
0.973719 1.7272 1.14565
1.54411 0.944324 0.666028
-1.8427 0.241337 0.0850346
-1.81297 0.249585 0.0901764
-1.64721 0.211962 0.131194
-1.72342 0.235 0.196763
-1.67335 0.234956 0.193163
-0.262045 -0.213631 -0.301297
-1.77925 0.224441 0.269878
-0.348723 -0.170169 -0.111769
-1.71488 0.230609 0.396218
1.73961 0.549221 0.67945
0.191492 -0.0104014 0.301881
0.343907 -0.0368457 0.274372
0.487179 0.0157124 0.474322
1.82259 0.317351 0.729944
-0.027898 0.303096 1.62537
0.00770746 0.280844 1.61275
0.125589 0.303296 1.62624
0.0356407 0.155375 1.6587
-0.0159298 0.0231451 1.61487
0.106217 0.0476812 1.62799
1.18339 0.20925 -1.94459
0.554218 -0.0116183 -0.877162
0.468871 -0.108268 -0.548663
0.242191 -3.18346 -3.63988
0.41981 -0.820707 -1.02577
1.29435 1.78395 0.489067
1.24212 1.16323 -0.519754
-1.45153 0.235362 0.0233876
1.15575 0.211421 0.575297
1.22457 0.0586872 0.483066
1.19411 0.143149 0.558348
1.22588 0.144921 0.568005
1.26681 0.13933 0.571697
1.34807 0.0591761 0.50799
1.31628 0.140079 0.579932
1.33432 0.124436 0.573684
1.23555 0.0599295 0.555853
1.32871 1.08667 -0.726198
1.6225 0.615989 -1.74288
1.17291 1.18877 -0.359514
1.13182 1.18643 -0.255169
0.940439 1.36235 0.175695
1.57109 0.236616 -2.09633
1.375 0.819687 -0.8745
1.12721 1.02564 -0.299507
1.0544 1.10275 -0.104417
1.06761 1.07682 -0.0759403
-0.333914 0.0201735 0.160696
1.21354 1.2108 -0.473203
1.02138 1.24744 -0.0524381
1.1983 0.957379 -0.531194
1.29485 0.781255 -0.716185
-1.58771 -0.0262915 0.51314
1.41312 1.70643 0.632547
1.7475 0.960257 0.715162
1.77898 0.815982 0.698123
-1.26825 0.0721183 1.79583
-1.36782 -0.0699853 1.7519
1.34296 1.75876 0.635196
1.40037 1.6068 0.658587
1.411 1.6218 0.686832
1.28848 0.118778 -2.02522
1.14601 0.790701 0.590393
0.19597 2.07062 2.33852
-0.331326 -0.0798008 -0.394784
-0.0552274 -0.132854 -0.39616
-0.318984 -0.0166757 0.281396
-0.474548 0.0128299 0.457183
-0.652563 -0.0036528 0.803868
